Diameter distribution(Å)
1.881633000000000067e+01,1.358168000000000042e+01,8.589880000000000848e+00,5.270170000000000243e+00,2.664410000000000167e+00,1.868579999999999908e+00,2.124480000000000146e+00,2.139450000000000074e+00,2.156870000000000065e+00,2.149919999999999831e+00,2.146250000000000213e+00,2.139559999999999906e+00,2.136509999999999909e+00,2.137420000000000098e+00,2.142370000000000108e+00,2.127650000000000041e+00,2.116070000000000118e+00,2.036540000000000017e+00,1.964669999999999916e+00,1.897769999999999957e+00,1.837420000000000053e+00,1.785779999999999923e+00,1.741989999999999927e+00,1.663149999999999906e+00,1.586559999999999970e+00,1.508299999999999974e+00,1.434439999999999937e+00,1.595590000000000064e+00,3.036789999999999878e+00,6.785000000000000142e+00,1.097386000000000017e+01,1.918180999999999869e+01,1.420715000000000039e+01,9.819350000000000023e+00,6.880519999999999747e+00,5.058110000000000106e+00,4.159830000000000361e+00,4.147969999999999935e+00,4.068190000000000417e+00,3.987179999999999946e+00,3.907880000000000020e+00,3.828629999999999978e+00,3.750430000000000152e+00,3.672820000000000196e+00,3.596260000000000012e+00,3.520519999999999872e+00,3.445980000000000043e+00,3.372320000000000206e+00,3.301429999999999865e+00,3.231300000000000061e+00,3.161939999999999973e+00,3.093539999999999957e+00,3.027190000000000047e+00,2.962380000000000013e+00,2.898680000000000145e+00,2.835949999999999971e+00,2.776850000000000041e+00,2.719310000000000116e+00,2.661439999999999806e+00,2.605440000000000200e+00,2.543350000000000222e+00,2.482730000000000103e+00,2.423690000000000122e+00,2.366439999999999877e+00,2.310700000000000198e+00,2.256839999999999957e+00,2.205799999999999983e+00,2.156839999999999868e+00,2.110539999999999861e+00,2.066629999999999967e+00,2.024430000000000174e+00,1.984760000000000080e+00,1.947969999999999979e+00,1.913030000000000008e+00,1.881229999999999958e+00,1.852119999999999989e+00,1.827439999999999953e+00,1.803749999999999964e+00,1.784140000000000059e+00,1.766729999999999912e+00,1.752620000000000067e+00,1.739880000000000093e+00,1.734220000000000095e+00,1.729000000000000092e+00,1.728250000000000064e+00,1.730739999999999945e+00,1.736110000000000042e+00,1.744189999999999907e+00,1.755579999999999918e+00,1.769670000000000076e+00,1.787660000000000027e+00,1.808729999999999949e+00,1.830189999999999984e+00,1.853709999999999969e+00,1.859680000000000000e+00,1.869790000000000063e+00,1.876889999999999947e+00,1.887780000000000014e+00,1.884749999999999925e+00,1.883550000000000058e+00,1.877159999999999940e+00,1.873790000000000067e+00,1.872149999999999981e+00,1.873329999999999940e+00,1.875780000000000003e+00,1.881180000000000074e+00,1.887550000000000061e+00,1.897250000000000103e+00,1.911659999999999915e+00,1.929249999999999909e+00,1.937529999999999974e+00,1.949549999999999894e+00,1.953340000000000076e+00,1.956339999999999968e+00,1.961519999999999930e+00,1.968650000000000011e+00,1.979759999999999964e+00,1.993570000000000064e+00,2.011089999999999822e+00,2.031200000000000117e+00,2.052070000000000061e+00,2.075480000000000214e+00,2.090599999999999792e+00,2.097280000000000033e+00,2.099899999999999878e+00,2.107610000000000205e+00,2.119540000000000202e+00,2.135120000000000129e+00,2.157000000000000028e+00,2.181669999999999998e+00,2.197560000000000180e+00,2.226020000000000110e+00,2.175050000000000150e+00,2.127009999999999845e+00,2.085020000000000095e+00,2.048709999999999809e+00,2.018780000000000019e+00,1.994569999999999954e+00,1.965209999999999901e+00,1.939000000000000057e+00,1.919010000000000105e+00,1.902609999999999912e+00,1.891999999999999904e+00,1.884859999999999980e+00,1.884609999999999896e+00,1.887760000000000105e+00,1.896509999999999918e+00,1.910500000000000087e+00,1.903920000000000057e+00,1.903119999999999923e+00,1.898220000000000018e+00,1.900889999999999969e+00,1.911739999999999995e+00,1.930090000000000083e+00,1.939689999999999914e+00,1.952159999999999895e+00,1.893650000000000055e+00,1.839310000000000000e+00,1.788999999999999924e+00,1.742529999999999912e+00,1.700399999999999912e+00,1.662619999999999987e+00,1.556019999999999959e+00,1.810019999999999962e+00,1.844799999999999995e+00,1.887750000000000039e+00,2.002660000000000107e+00,2.894629999999999814e+00,5.078769999999999563e+00,7.008000000000000007e+00,1.117324999999999946e+01,1.603846000000000060e+01,2.194863000000000142e+01,1.627827999999999875e+01,1.068815999999999988e+01,6.716870000000000118e+00,3.318410000000000082e+00,1.913729999999999931e+00,1.460390000000000077e+00,1.379599999999999937e+00,1.321690000000000031e+00,7.112500000000000488e-01,9.131599999999999717e-01,9.167300000000000448e-01,9.255299999999999638e-01,9.293799999999999839e-01,9.384099999999999664e-01,9.784800000000000164e-01,1.018199999999999994e+00,1.009980000000000100e+00,1.098719999999999919e+00,1.155359999999999943e+00,1.214229999999999920e+00,1.276559999999999917e+00,1.340170000000000083e+00,1.405680000000000041e+00,1.473130000000000051e+00,1.542820000000000080e+00,1.613979999999999970e+00,1.670290000000000052e+00,1.726609999999999978e+00,1.769560000000000022e+00,1.811360000000000081e+00,1.856389999999999985e+00,1.905690000000000106e+00,1.944630000000000081e+00,1.987419999999999964e+00,1.978069999999999995e+00,1.972320000000000073e+00,1.968539999999999957e+00,1.968299999999999939e+00,1.970460000000000100e+00,1.974450000000000038e+00,1.982909999999999950e+00,1.993929999999999980e+00,2.006860000000000088e+00,2.022299999999999986e+00,2.041199999999999903e+00,2.061380000000000212e+00,2.085069999999999979e+00,2.110430000000000028e+00,2.135720000000000063e+00,2.163769999999999971e+00,2.162920000000000176e+00,2.163619999999999877e+00,2.150959999999999983e+00,2.141010000000000080e+00,2.118110000000000159e+00,2.098380000000000134e+00,2.079470000000000152e+00,2.063759999999999817e+00,2.055600000000000094e+00,2.048569999999999780e+00,2.045869999999999855e+00,2.044449999999999878e+00,2.047200000000000131e+00,2.053090000000000082e+00,2.063029999999999919e+00,2.076249999999999929e+00,2.093090000000000117e+00,2.113070000000000004e+00,2.124519999999999964e+00,2.133309999999999818e+00,2.128649999999999931e+00,2.126689999999999969e+00,2.125939999999999941e+00,2.128000000000000114e+00,2.126079999999999970e+00,2.124460000000000015e+00,2.118310000000000137e+00,2.115079999999999849e+00,2.115079999999999849e+00,2.117970000000000130e+00,2.106390000000000207e+00,2.099849999999999994e+00,2.051190000000000069e+00,2.005240000000000133e+00,1.958220000000000072e+00,1.913820000000000077e+00,1.862840000000000051e+00,1.813870000000000093e+00,1.764210000000000056e+00,1.723810000000000064e+00,1.660390000000000033e+00,1.671890000000000098e+00,1.655720000000000081e+00,1.645469999999999988e+00,1.642160000000000064e+00,1.645250000000000101e+00,2.430099999999999927e+00,4.962539999999999729e+00,8.430070000000000618e+00,1.222292000000000023e+01,1.781513999999999953e+01,1.262439000000000000e+01,7.625779999999999781e+00,4.061860000000000248e+00,1.986070000000000002e+00,1.439939999999999998e+00,1.311309999999999976e+00,8.147900000000000142e-01,9.102500000000000036e-01,9.531500000000000528e-01,9.954600000000000115e-01,1.042229999999999990e+00,1.090770000000000017e+00,1.139710000000000001e+00,1.188530000000000086e+00,1.245610000000000106e+00,1.302140000000000075e+00,1.346780000000000088e+00,1.394449999999999967e+00,1.445729999999999960e+00,1.499610000000000110e+00,1.556570000000000009e+00,1.616079999999999961e+00,1.640870000000000051e+00,1.672860000000000014e+00,1.708900000000000086e+00,1.754450000000000065e+00,1.782469999999999999e+00,1.819290000000000074e+00,1.813770000000000104e+00,1.809900000000000064e+00,1.811239999999999961e+00,1.814089999999999980e+00,1.822030000000000038e+00,1.833309999999999995e+00,1.847159999999999913e+00,1.860300000000000065e+00,1.799809999999999910e+00,1.760909999999999975e+00,1.746729999999999894e+00,1.770839999999999970e+00,1.788200000000000012e+00,1.807309999999999972e+00,1.832940000000000014e+00,1.861250000000000071e+00,1.766659999999999897e+00,1.828079999999999927e+00,1.835709999999999953e+00,1.847259999999999902e+00,1.862530000000000019e+00,1.881699999999999928e+00,1.904979999999999896e+00,1.932029999999999914e+00,1.845040000000000013e+00,2.062660000000000160e+00,2.081329999999999902e+00,2.102240000000000109e+00,2.078149999999999942e+00,2.056630000000000180e+00,2.038349999999999884e+00,2.022390000000000132e+00,2.009009999999999962e+00,1.998930000000000096e+00,1.991419999999999968e+00,1.985710000000000086e+00,1.875240000000000018e+00,2.230900000000000105e+00,2.298270000000000035e+00,2.388049999999999784e+00,2.417549999999999866e+00,2.449320000000000164e+00,2.426429999999999865e+00,2.407680000000000042e+00,2.369540000000000202e+00,2.337769999999999904e+00,2.271630000000000038e+00,2.434149999999999814e+00,2.805079999999999796e+00,3.699230000000000018e+00,8.113260000000000360e+00,1.333338999999999963e+01,2.145611999999999853e+01,1.597747000000000028e+01,1.057193000000000005e+01,6.055100000000000371e+00,2.489799999999999791e+00,1.652689999999999992e+00,1.056659999999999933e+00,8.774300000000000432e-01,1.034699999999999953e+00,1.018369999999999997e+00,1.112190000000000012e+00,1.194539999999999935e+00,1.277139999999999942e+00,1.345420000000000060e+00,1.416260000000000074e+00,1.478399999999999936e+00,1.541069999999999940e+00,1.587050000000000072e+00,1.635850000000000026e+00,1.687729999999999952e+00,1.742150000000000087e+00,1.798820000000000086e+00,1.857739999999999947e+00,1.918870000000000076e+00,1.981459999999999999e+00,2.036719999999999864e+00,2.095569999999999933e+00,2.107369999999999965e+00,2.124760000000000204e+00,2.137220000000000120e+00,2.152249999999999996e+00,2.159780000000000033e+00,2.169309999999999850e+00,2.176099999999999923e+00,2.185820000000000096e+00,2.152960000000000207e+00,2.122819999999999929e+00,2.090899999999999981e+00,2.075489999999999835e+00,2.061549999999999994e+00,2.054069999999999840e+00,2.050440000000000040e+00,2.051159999999999872e+00,1.895569999999999977e+00,1.946600000000000108e+00,2.000150000000000095e+00,2.049469999999999903e+00,2.066580000000000084e+00,2.103439999999999976e+00,2.097170000000000201e+00,2.087769999999999904e+00,2.071839999999999904e+00,2.058469999999999800e+00,2.050069999999999837e+00,2.043229999999999880e+00,2.039449999999999985e+00,2.037710000000000132e+00,2.029650000000000176e+00,2.024220000000000130e+00,2.009949999999999903e+00,1.999759999999999982e+00,1.993859999999999966e+00,1.991000000000000103e+00,1.992690000000000072e+00,1.998459999999999903e+00,1.963719999999999910e+00,2.077210000000000001e+00,2.114739999999999842e+00,2.214389999999999858e+00,2.240079999999999849e+00,2.266280000000000072e+00,2.290259999999999962e+00,2.318599999999999994e+00,2.352529999999999788e+00,2.390760000000000218e+00,2.431620000000000115e+00,2.477770000000000028e+00,2.514180000000000081e+00,2.551959999999999784e+00,2.574879999999999836e+00,2.600080000000000169e+00,2.570819999999999883e+00,2.546120000000000161e+00,2.525790000000000202e+00,2.510590000000000099e+00,2.503769999999999829e+00,2.500059999999999949e+00,2.497030000000000083e+00,2.498240000000000016e+00,2.493889999999999940e+00,2.767599999999999838e+00,4.579030000000000378e+00,7.710280000000000022e+00,1.256457999999999942e+01,1.745626000000000033e+01,1.699968000000000146e+01,1.268187999999999960e+01,8.618660000000000210e+00,5.636680000000000135e+00,3.148750000000000160e+00,2.014510000000000023e+00,1.642759999999999998e+00,1.597120000000000095e+00,1.557760000000000034e+00,1.520100000000000007e+00,1.488250000000000073e+00,1.454150000000000054e+00,1.422439999999999927e+00,1.404940000000000078e+00,1.394930000000000003e+00,1.390009999999999968e+00,1.392970000000000041e+00,1.404150000000000009e+00,1.423240000000000061e+00,1.443689999999999918e+00,1.466239999999999988e+00,1.478520000000000056e+00,1.494459999999999900e+00,1.515679999999999916e+00,1.540389999999999926e+00,1.569550000000000001e+00,1.602840000000000042e+00,1.629629999999999912e+00,1.686860000000000026e+00,1.739670000000000050e+00,1.793809999999999905e+00,1.850090000000000012e+00,1.905119999999999925e+00,1.961570000000000036e+00,2.017119999999999802e+00,2.064729999999999954e+00,2.112769999999999815e+00,2.122390000000000221e+00,2.146269999999999900e+00,2.170459999999999834e+00,2.205950000000000077e+00,2.239850000000000119e+00,2.280419999999999892e+00,2.302599999999999980e+00,2.319920000000000204e+00,2.328930000000000167e+00,2.346029999999999838e+00,2.339729999999999865e+00,2.337359999999999882e+00,2.309169999999999945e+00,2.282049999999999912e+00,2.255230000000000068e+00,2.230420000000000069e+00,2.208530000000000104e+00,2.189010000000000122e+00,2.172140000000000182e+00,2.157659999999999911e+00,2.147590000000000110e+00,2.140309999999999935e+00,2.134780000000000122e+00,2.132680000000000131e+00,2.134040000000000159e+00,2.136960000000000193e+00,2.139499999999999957e+00,2.144820000000000171e+00,2.152649999999999952e+00,2.162199999999999900e+00,2.175570000000000004e+00,2.191440000000000055e+00,2.163450000000000095e+00,2.136309999999999931e+00,2.102419999999999956e+00,2.069990000000000219e+00,2.043470000000000120e+00,2.018390000000000128e+00,1.997379999999999933e+00,1.977959999999999940e+00,1.963359999999999994e+00,1.949650000000000105e+00,1.936350000000000016e+00,1.926420000000000021e+00,1.917850000000000055e+00,1.911929999999999907e+00,1.885089999999999932e+00,1.861939999999999928e+00,1.813120000000000065e+00,1.766459999999999919e+00,1.679119999999999946e+00,1.661429999999999962e+00,1.632889999999999953e+00,1.610840000000000050e+00,1.582410000000000094e+00,1.556810000000000027e+00,1.520359999999999934e+00,1.487200000000000077e+00,1.455740000000000034e+00,1.427489999999999926e+00,1.404530000000000056e+00,1.381110000000000060e+00,1.365269999999999984e+00,1.352549999999999919e+00,1.333460000000000090e+00,1.320119999999999960e+00,2.739020000000000010e+00,5.376780000000000115e+00,8.825559999999999405e+00,1.293125999999999998e+01,1.730375000000000085e+01,2.179815999999999931e+01,1.646955000000000169e+01,1.306278999999999968e+01,9.854820000000000135e+00,6.526399999999999757e+00,3.965520000000000156e+00,1.490250000000000075e+00,1.151650000000000063e+00,1.120230000000000059e+00,1.098889999999999922e+00,1.064920000000000089e+00,1.031859999999999999e+00,9.943100000000000271e-01,9.606299999999999839e-01,9.296900000000000164e-01,9.028199999999999559e-01,8.828500000000000236e-01,8.661200000000000010e-01,8.534399999999999764e-01,8.439999999999999725e-01,8.414199999999999458e-01,8.430299999999999461e-01,8.472800000000000331e-01,8.560699999999999976e-01,8.720700000000000118e-01,8.920299999999999896e-01,9.142200000000000326e-01,9.403399999999999537e-01,9.724399999999999711e-01,1.008469999999999978e+00,1.049279999999999990e+00,1.093399999999999928e+00,1.138530000000000042e+00,1.186949999999999950e+00,1.240709999999999980e+00,1.296869999999999967e+00,1.335399999999999920e+00,1.375609999999999999e+00,1.412979999999999903e+00,1.454269999999999952e+00,1.491030000000000078e+00,1.526999999999999913e+00,1.543420000000000014e+00,1.562079999999999913e+00,1.584500000000000020e+00,1.608160000000000034e+00,1.623650000000000038e+00,1.640859999999999985e+00,1.654109999999999969e+00,1.675300000000000011e+00,1.701500000000000012e+00,1.733119999999999994e+00,1.767789999999999973e+00,1.806230000000000002e+00,1.830850000000000088e+00,1.858020000000000005e+00,1.871310000000000029e+00,1.887860000000000094e+00,1.908539999999999903e+00,1.932260000000000089e+00,1.955510000000000081e+00,1.981340000000000101e+00,2.007929999999999993e+00,2.037710000000000132e+00,2.063309999999999977e+00,2.078819999999999890e+00,2.068569999999999798e+00,2.061879999999999935e+00,2.049240000000000173e+00,2.039660000000000029e+00,2.008000000000000007e+00,1.979079999999999950e+00,1.952990000000000004e+00,1.929079999999999906e+00,1.909000000000000030e+00,1.892099999999999893e+00,1.876630000000000020e+00,1.864349999999999952e+00,1.857539999999999969e+00,1.851499999999999924e+00,1.851199999999999957e+00,1.853879999999999972e+00,1.857629999999999892e+00,1.863939999999999930e+00,1.876060000000000061e+00,1.891489999999999894e+00,1.909440000000000026e+00,1.930560000000000054e+00,1.953100000000000058e+00,1.978720000000000034e+00,1.976990000000000025e+00,1.977729999999999988e+00,1.836100000000000065e+00,2.955319999999999947e+00,6.083029999999999937e+00,1.013198000000000043e+01,1.513785999999999987e+01,2.028641999999999967e+01,1.544248999999999938e+01,1.218556000000000061e+01,9.910819999999999297e+00,9.144000000000000128e+00,8.278549999999999187e+00,7.521390000000000242e+00,7.488319999999999865e+00,7.396049999999999791e+00,7.302760000000000140e+00,7.211009999999999920e+00,7.117950000000000443e+00,7.027820000000000178e+00,6.936849999999999739e+00,6.846829999999999750e+00,6.755849999999999689e+00,6.666260000000000296e+00,6.576979999999999826e+00,6.487320000000000420e+00,6.397940000000000182e+00,6.309479999999999755e+00,6.221199999999999619e+00,6.133840000000000181e+00,6.046820000000000306e+00,5.950980000000000381e+00,5.851849999999999774e+00,5.777250000000000441e+00,5.703319999999999723e+00,5.619040000000000035e+00,5.534869999999999735e+00,5.450999999999999623e+00,5.367709999999999759e+00,5.285980000000000345e+00,5.204930000000000057e+00,5.124200000000000088e+00,5.044179999999999886e+00,4.964319999999999844e+00,4.884789999999999743e+00,4.807780000000000165e+00,4.731209999999999916e+00,4.654090000000000060e+00,4.577259999999999884e+00,4.501240000000000130e+00,4.425300000000000011e+00,4.350640000000000285e+00,4.276600000000000179e+00,4.204480000000000217e+00,4.132319999999999993e+00,4.060620000000000118e+00,3.989850000000000119e+00,3.922019999999999840e+00,3.855230000000000157e+00,3.788069999999999826e+00,3.721359999999999779e+00,3.658329999999999860e+00,3.595320000000000071e+00,3.534499999999999975e+00,3.473660000000000192e+00,3.413870000000000182e+00,3.355469999999999953e+00,3.300180000000000113e+00,3.246319999999999872e+00,3.178500000000000103e+00,3.111829999999999874e+00,3.047789999999999999e+00,2.985129999999999839e+00,2.919799999999999951e+00,2.855859999999999843e+00,2.792910000000000004e+00,2.731460000000000221e+00,2.672299999999999898e+00,2.614279999999999937e+00,2.557679999999999954e+00,2.502709999999999990e+00,2.449730000000000185e+00,2.398620000000000196e+00,2.349390000000000089e+00,2.302169999999999828e+00,2.256810000000000205e+00,2.213589999999999947e+00,2.171720000000000095e+00,2.131270000000000220e+00,2.097430000000000128e+00,2.063750000000000195e+00,2.033529999999999838e+00,2.004399999999999959e+00,1.978339999999999987e+00,1.953559999999999963e+00,1.933400000000000007e+00,1.915389999999999926e+00,1.900239999999999929e+00,1.888009999999999966e+00,1.877289999999999903e+00,1.868549999999999933e+00,1.862929999999999975e+00,1.859750000000000014e+00,1.859299999999999953e+00,1.861809999999999965e+00,1.868170000000000108e+00,1.876230000000000064e+00,1.887790000000000079e+00,1.901850000000000041e+00,1.912940000000000085e+00,1.926660000000000039e+00,1.941589999999999927e+00,1.959899999999999975e+00,1.985530000000000017e+00,2.011000000000000121e+00,2.022710000000000008e+00,2.033949999999999925e+00,2.036309999999999842e+00,2.041399999999999881e+00,2.050390000000000157e+00,2.061890000000000001e+00,2.059730000000000061e+00,2.059619999999999784e+00,2.051480000000000192e+00,2.049240000000000173e+00,2.048880000000000035e+00,2.050570000000000004e+00,2.055950000000000166e+00,2.064220000000000166e+00,2.064690000000000136e+00,2.084000000000000075e+00,2.098110000000000142e+00,2.114679999999999893e+00,2.131930000000000103e+00,2.151689999999999880e+00,2.171419999999999906e+00,2.199770000000000003e+00,2.206589999999999829e+00,2.205550000000000122e+00,2.192050000000000054e+00,2.182739999999999903e+00,2.179300000000000015e+00,2.179209999999999869e+00,2.166519999999999779e+00,2.154889999999999972e+00,2.138290000000000024e+00,2.124429999999999819e+00,2.111709999999999976e+00,2.101799999999999891e+00,2.095600000000000129e+00,2.090359999999999996e+00,2.039270000000000138e+00,2.005469999999999864e+00,1.961989999999999901e+00,1.921200000000000019e+00,1.885850000000000026e+00,1.853380000000000027e+00,1.817280000000000006e+00,1.782790000000000097e+00,1.743559999999999999e+00,1.707419999999999938e+00,1.677559999999999940e+00,1.651010000000000089e+00,1.626789999999999958e+00,1.605339999999999989e+00,1.579679999999999973e+00,1.556189999999999962e+00,1.532869999999999955e+00,1.512189999999999923e+00,1.497090000000000032e+00,1.485770000000000035e+00,1.476439999999999975e+00,1.469799999999999995e+00,1.466650000000000009e+00,1.466779999999999973e+00,1.472499999999999920e+00,1.481270000000000087e+00,1.489810000000000079e+00,1.502469999999999972e+00,1.515009999999999968e+00,1.531840000000000090e+00,1.552750000000000075e+00,1.577499999999999902e+00,1.605050000000000088e+00,1.636349999999999971e+00,1.667200000000000015e+00,1.702520000000000033e+00,1.720669999999999922e+00,1.791549999999999976e+00,1.844149999999999956e+00,1.898490000000000011e+00,1.955859999999999932e+00,2.014679999999999804e+00,2.075870000000000104e+00,2.139219999999999899e+00,2.202929999999999833e+00,2.267990000000000173e+00,2.337720000000000020e+00,2.408869999999999845e+00,2.479699999999999793e+00,2.549630000000000063e+00,2.618809999999999860e+00,2.688470000000000137e+00,2.759700000000000042e+00,2.831500000000000128e+00,2.904230000000000089e+00,2.977240000000000109e+00,3.052900000000000169e+00,3.129509999999999792e+00,3.197239999999999860e+00,3.264990000000000059e+00,3.323700000000000099e+00,3.382060000000000066e+00,3.438349999999999795e+00,3.496620000000000061e+00,3.551190000000000069e+00,3.606920000000000126e+00,3.666059999999999874e+00,3.724940000000000140e+00,3.785759999999999792e+00,3.848030000000000062e+00,3.911119999999999930e+00,3.975579999999999892e+00,4.042379999999999640e+00,4.110140000000000349e+00,4.177819999999999645e+00,4.246500000000000163e+00,4.315999999999999837e+00,4.386479999999999713e+00,4.449349999999999916e+00,4.513639999999999652e+00,4.580680000000000085e+00,4.646939999999999849e+00,4.712469999999999715e+00,4.779149999999999565e+00,4.850100000000000300e+00,4.921560000000000379e+00,4.998099999999999987e+00,5.075890000000000235e+00,5.151510000000000034e+00,5.227739999999999831e+00,5.304680000000000284e+00,5.382179999999999964e+00,5.461380000000000123e+00,5.541310000000000180e+00,5.622090000000000032e+00,5.703560000000000407e+00,5.702250000000000263e+00,6.362840000000000273e+00,8.735829999999999984e+00,1.182047000000000025e+01,1.563841999999999999e+01,1.991229999999999833e+01,1.402852000000000032e+01,8.789749999999999730e+00,4.297010000000000218e+00,3.063750000000000195e+00,2.759189999999999809e+00,2.678589999999999804e+00,2.599839999999999929e+00,2.517720000000000180e+00,2.437679999999999847e+00,2.361429999999999918e+00,2.287259999999999849e+00,2.214949999999999974e+00,2.144530000000000047e+00,2.070300000000000029e+00,1.998799999999999910e+00,1.917899999999999938e+00,1.840470000000000050e+00,1.766140000000000043e+00,1.695580000000000087e+00,1.629029999999999978e+00,1.566340000000000066e+00,1.508450000000000069e+00,1.455240000000000089e+00,1.390160000000000062e+00,1.330119999999999969e+00,9.705300000000000038e-01,7.369200000000000195e-01,5.483500000000000041e-01,6.497800000000000242e-01,6.747999999999999554e-01,7.054599999999999760e-01,7.427899999999999503e-01,7.845699999999999896e-01,8.305700000000000305e-01,8.807199999999999473e-01,9.377799999999999470e-01,9.972199999999999953e-01,1.055069999999999952e+00,1.117059999999999942e+00,1.153860000000000108e+00,1.271439999999999904e+00,1.360679999999999890e+00,1.451470000000000038e+00,1.528250000000000108e+00,1.607480000000000020e+00,1.689279999999999893e+00,1.773309999999999942e+00,1.807979999999999920e+00,1.843949999999999978e+00,1.880330000000000057e+00,1.917569999999999997e+00,1.916320000000000023e+00,1.918520000000000003e+00,1.926660000000000039e+00,1.938749999999999973e+00,1.952830000000000066e+00,1.971160000000000023e+00,1.993770000000000042e+00,2.020509999999999806e+00,2.037599999999999856e+00,2.055200000000000138e+00,2.052820000000000089e+00,2.048760000000000137e+00,2.042110000000000092e+00,2.036760000000000126e+00,2.034679999999999822e+00,2.034790000000000099e+00,2.039410000000000167e+00,2.046769999999999978e+00,2.034170000000000034e+00,2.025469999999999882e+00,2.017370000000000108e+00,2.013500000000000068e+00,2.013479999999999936e+00,2.017840000000000078e+00,2.025539999999999896e+00,2.036939999999999973e+00,2.054429999999999978e+00,2.075660000000000061e+00,2.100340000000000096e+00,2.128699999999999815e+00,2.134329999999999838e+00,2.142759999999999998e+00,2.107250000000000068e+00,2.075889999999999791e+00,2.036890000000000089e+00,2.004239999999999799e+00,1.937349999999999905e+00,1.941019999999999968e+00,1.899329999999999963e+00,1.863459999999999894e+00,1.789449999999999985e+00,1.716749999999999998e+00,1.644949999999999912e+00,1.574589999999999934e+00,1.505989999999999940e+00,1.439060000000000006e+00,1.365029999999999966e+00,1.360360000000000014e+00,1.321479999999999988e+00,1.287339999999999929e+00,1.244189999999999907e+00,1.202960000000000029e+00,1.147189999999999932e+00,1.090370000000000061e+00,1.038920000000000066e+00,9.910200000000000120e-01,9.467499999999999805e-01,9.069599999999999884e-01,8.715199999999999614e-01,8.413699999999999513e-01,7.760399999999999521e-01,8.219300000000000495e-01,8.171599999999999975e-01,8.159999999999999476e-01,8.219400000000000039e-01,8.277299999999999658e-01,8.413800000000000168e-01,8.593300000000000383e-01,8.744399999999999951e-01,8.939099999999999824e-01,9.099300000000000166e-01,9.290000000000000480e-01,9.497999999999999776e-01,9.738400000000000389e-01,1.000799999999999912e+00,1.030869999999999953e+00,1.066049999999999942e+00,1.101779999999999982e+00,1.116100000000000092e+00,1.133860000000000090e+00,1.140060000000000073e+00,1.149650000000000061e+00,1.159419999999999895e+00,1.173429999999999973e+00,1.185219999999999940e+00,1.201089999999999991e+00,1.217600000000000016e+00,1.238809999999999967e+00,1.263549999999999951e+00,1.292680000000000051e+00,1.326259999999999994e+00,1.363629999999999898e+00,1.404859999999999998e+00,1.449419999999999931e+00,1.495719999999999938e+00,1.544990000000000085e+00,1.594279999999999919e+00,1.644169999999999909e+00,1.697480000000000100e+00,1.751900000000000013e+00,1.809420000000000028e+00,1.868570000000000064e+00,1.774019999999999930e+00,2.014139999999999819e+00,2.083660000000000068e+00,2.154630000000000045e+00,2.229290000000000216e+00,2.305180000000000007e+00,2.381159999999999943e+00,2.458480000000000221e+00,2.537630000000000052e+00,2.616389999999999993e+00,2.925609999999999822e+00,4.267290000000000028e+00,7.749240000000000350e+00,1.154205999999999932e+01,1.557984000000000080e+01,2.015220000000000056e+01,1.213189999999999991e+01,7.516750000000000043e+00,4.225620000000000154e+00,2.607159999999999922e+00,2.197249999999999925e+00,2.149379999999999846e+00,2.104330000000000034e+00,2.067060000000000120e+00,2.030229999999999979e+00,1.999880000000000102e+00,1.973340000000000094e+00,1.928979999999999917e+00,1.889029999999999987e+00,1.851399999999999935e+00,1.824759999999999938e+00,1.807409999999999961e+00,1.796110000000000095e+00,1.793150000000000022e+00,1.798019999999999952e+00,1.811090000000000089e+00,1.831560000000000077e+00,1.847609999999999975e+00,1.865750000000000020e+00,1.876160000000000050e+00,1.890379999999999949e+00,1.899410000000000043e+00,1.910169999999999924e+00,1.870919999999999916e+00,1.896789999999999976e+00,1.899299999999999988e+00,1.911669999999999980e+00,1.912039999999999962e+00,1.916770000000000085e+00,1.928199999999999914e+00,1.944430000000000103e+00,1.922690000000000010e+00,1.904249999999999998e+00,1.883000000000000007e+00,1.865769999999999929e+00,1.852230000000000043e+00,1.842740000000000045e+00,1.827129999999999921e+00,1.815160000000000107e+00,1.803919999999999968e+00,1.795940000000000092e+00,1.785679999999999934e+00,1.778620000000000090e+00,1.774000000000000021e+00,1.772659999999999902e+00,1.775989999999999958e+00,1.782529999999999948e+00,1.770999999999999908e+00,1.763949999999999907e+00,1.759050000000000002e+00,1.758029999999999982e+00,1.763549999999999951e+00,1.772620000000000084e+00,1.786370000000000013e+00,1.805190000000000072e+00,1.827790000000000026e+00,1.854819999999999913e+00,1.886200000000000099e+00,1.992210000000000036e+00,1.964970000000000105e+00,1.939060000000000006e+00,1.901829999999999909e+00,1.866810000000000080e+00,1.834170000000000078e+00,1.805109999999999992e+00,1.781619999999999981e+00,1.761989999999999945e+00,1.728580000000000005e+00,1.697510000000000074e+00,1.669289999999999941e+00,1.644339999999999913e+00,1.623930000000000096e+00,1.605850000000000000e+00,1.593539999999999957e+00,1.582219999999999960e+00,1.562119999999999953e+00,1.536550000000000082e+00,1.505870000000000042e+00,1.599599999999999911e+00,1.928080000000000016e+00,2.965559999999999974e+00,5.804380000000000095e+00,1.023814999999999920e+01,1.513438000000000017e+01,2.020168999999999926e+01,1.389705000000000013e+01,8.504189999999999472e+00,3.533230000000000093e+00,1.419920000000000071e+00,7.708000000000000407e-01,2.270600000000000118e-01,4.203600000000000114e-01,4.435499999999999998e-01,4.722999999999999976e-01,5.076000000000000512e-01,5.484200000000000186e-01,5.939699999999999980e-01,6.449300000000000033e-01,7.001600000000000046e-01,7.596199999999999619e-01,8.241100000000000092e-01,8.922400000000000331e-01,9.637700000000000156e-01,1.038440000000000030e+00,1.115760000000000085e+00,1.195810000000000040e+00,1.276080000000000103e+00,1.359080000000000066e+00,1.421920000000000073e+00,1.488960000000000061e+00,1.549150000000000027e+00,1.612999999999999989e+00,1.633399999999999963e+00,1.655210000000000070e+00,1.679990000000000094e+00,1.707750000000000101e+00,1.735510000000000108e+00,1.766280000000000072e+00,1.784540000000000015e+00,1.805760000000000032e+00,1.812440000000000051e+00,1.822079999999999922e+00,1.833029999999999937e+00,1.850770000000000026e+00,1.848530000000000006e+00,1.850200000000000067e+00,1.856389999999999985e+00,1.866330000000000044e+00,1.881229999999999958e+00,1.900099999999999900e+00,1.926050000000000040e+00,1.955170000000000075e+00,1.982259999999999911e+00,2.012690000000000090e+00,2.047610000000000152e+00,2.088410000000000100e+00,2.101319999999999855e+00,2.117010000000000058e+00,2.071499999999999897e+00,2.134970000000000034e+00,2.135409999999999808e+00,2.145109999999999850e+00,2.164759999999999796e+00,2.194249999999999812e+00,2.183260000000000201e+00,2.170879999999999921e+00,2.121950000000000003e+00,2.074209999999999887e+00,2.033300000000000107e+00,2.002069999999999794e+00,1.958390000000000075e+00,1.995759999999999978e+00,2.036319999999999908e+00,2.086160000000000014e+00,2.077700000000000102e+00,2.077069999999999972e+00,2.017180000000000195e+00,1.957969999999999988e+00,1.886009999999999964e+00,1.815879999999999939e+00,1.748799999999999910e+00,1.683489999999999931e+00,1.619129999999999958e+00,1.556610000000000049e+00,1.499700000000000033e+00,1.445440000000000058e+00,1.392490000000000006e+00,1.341429999999999900e+00,1.293940000000000090e+00,1.250240000000000018e+00,1.211850000000000094e+00,1.175589999999999913e+00,1.142090000000000050e+00,1.111709999999999976e+00,1.060009999999999897e+00,1.008979999999999988e+00,9.510899999999999910e-01,8.991099999999999648e-01,8.547500000000000098e-01,8.169999999999999485e-01,7.868000000000000549e-01,7.648000000000000353e-01,7.380900000000000238e-01,7.190400000000000125e-01,6.930399999999999894e-01,6.744299999999999740e-01,6.617199999999999749e-01,6.566400000000000015e-01,6.422999999999999821e-01,6.310700000000000198e-01,6.044699999999999518e-01,5.837599999999999456e-01,5.671699999999999520e-01,5.558600000000000207e-01,5.441399999999999570e-01,5.372099999999999653e-01,5.373700000000000143e-01,5.434700000000000086e-01,5.509699999999999598e-01,5.637600000000000389e-01,5.688499999999999668e-01,5.784200000000000452e-01,5.904500000000000304e-01,6.056899999999999507e-01,6.261999999999999789e-01,6.494499999999999718e-01,6.786799999999999500e-01,7.116400000000000503e-01,7.470099999999999518e-01,7.857199999999999740e-01,8.289900000000000047e-01,8.755699999999999594e-01,9.260199999999999543e-01,9.790299999999999558e-01,1.031309999999999949e+00,1.086230000000000029e+00,1.141329999999999956e+00,1.198879999999999946e+00,1.259900000000000020e+00,1.321499999999999897e+00,1.385869999999999935e+00,1.452199999999999935e+00,1.520129999999999981e+00,1.589069999999999983e+00,1.657759999999999900e+00,1.727020000000000000e+00,1.794529999999999959e+00,1.863709999999999978e+00,1.934390000000000054e+00,2.006549999999999834e+00,2.080080000000000151e+00,2.154879999999999907e+00,2.229010000000000158e+00,2.303710000000000147e+00,2.369769999999999932e+00,2.437399999999999789e+00,2.502499999999999947e+00,2.570539999999999825e+00,2.649160000000000181e+00,2.728349999999999831e+00,2.804940000000000211e+00,2.882839999999999847e+00,2.965720000000000134e+00,3.049690000000000012e+00,3.072220000000000173e+00,3.380119999999999791e+00,4.968779999999999752e+00,7.261510000000000353e+00,1.086748000000000047e+01,1.474508999999999936e+01,1.531307999999999936e+01,9.965329999999999799e+00,5.205029999999999824e+00,2.455700000000000216e+00,6.887299999999999534e-01,1.511699999999999988e-01,2.806400000000000006e-01,2.838300000000000267e-01,2.922399999999999998e-01,3.373999999999999777e-01,3.853300000000000058e-01,4.226900000000000102e-01,4.640900000000000025e-01,5.097899999999999654e-01,5.577400000000000135e-01,6.112699999999999800e-01,6.664900000000000269e-01,7.252199999999999758e-01,7.866600000000000259e-01,8.498700000000000143e-01,9.145499999999999741e-01,9.800299999999999567e-01,1.044899999999999940e+00,1.095350000000000046e+00,1.149790000000000090e+00,1.198690000000000033e+00,1.250490000000000101e+00,1.303339999999999943e+00,1.358209999999999917e+00,1.417079999999999895e+00,1.477619999999999933e+00,1.535840000000000094e+00,1.594919999999999893e+00,1.648419999999999996e+00,1.704139999999999988e+00,1.762529999999999930e+00,1.822940000000000005e+00,1.861979999999999968e+00,1.896800000000000042e+00,1.890139999999999931e+00,1.887650000000000050e+00,1.888139999999999930e+00,1.893739999999999979e+00,1.903550000000000075e+00,1.917729999999999935e+00,1.937000000000000055e+00,1.960739999999999927e+00,1.974210000000000020e+00,1.991190000000000015e+00,2.001339999999999897e+00,2.012220000000000120e+00,2.004579999999999806e+00,1.998550000000000049e+00,1.990189999999999904e+00,1.984720000000000040e+00,1.982269999999999976e+00,1.982590000000000074e+00,1.968669999999999920e+00,1.957629999999999981e+00,1.943319999999999936e+00,1.932360000000000078e+00,1.925359999999999960e+00,1.921450000000000102e+00,1.919289999999999941e+00,1.920169999999999932e+00,1.925910000000000011e+00,1.933410000000000073e+00,1.944890000000000008e+00,1.959619999999999918e+00,1.976580000000000004e+00,1.996850000000000014e+00,1.996930000000000094e+00,2.001430000000000042e+00,1.972380000000000022e+00,1.947559999999999958e+00,1.926239999999999952e+00,1.906460000000000043e+00,1.879110000000000058e+00,1.869380000000000042e+00,1.855709999999999971e+00,1.844440000000000079e+00,1.800559999999999938e+00,1.757390000000000008e+00,1.687279999999999891e+00,1.618700000000000028e+00,1.553279999999999994e+00,1.489009999999999945e+00,1.428160000000000096e+00,1.369410000000000016e+00,1.314089999999999980e+00,1.261779999999999902e+00,1.214069999999999983e+00,1.168160000000000087e+00,1.126840000000000064e+00,1.088700000000000001e+00,1.054869999999999974e+00,1.024129999999999985e+00,9.967000000000000304e-01,9.758599999999999497e-01,9.593800000000000106e-01,9.462199999999999500e-01,9.380199999999999649e-01,9.337600000000000344e-01,9.343099999999999739e-01,9.372500000000000275e-01,9.336699999999999999e-01,9.337699999999999889e-01,9.350800000000000223e-01,9.404700000000000282e-01,9.494799999999999907e-01,9.623500000000000387e-01,9.788099999999999579e-01,9.975899999999999768e-01,1.024100000000000010e+00,1.053069999999999951e+00,1.080389999999999961e+00,1.109099999999999975e+00,1.137270000000000003e+00,1.168479999999999963e+00,1.200069999999999970e+00,1.230539999999999967e+00,1.250040000000000040e+00,1.273249999999999993e+00,1.301090000000000080e+00,1.330559999999999965e+00,1.361499999999999932e+00,1.395329999999999959e+00,1.429969999999999963e+00,1.467149999999999954e+00,1.506879999999999997e+00,1.550880000000000036e+00,1.596559999999999979e+00,1.645000000000000018e+00,1.694120000000000070e+00,1.746259999999999923e+00,1.801549999999999985e+00,1.859580000000000011e+00,1.920190000000000063e+00,1.983190000000000008e+00,2.041770000000000085e+00,2.102549999999999919e+00,2.163809999999999789e+00,2.226199999999999957e+00,3.347280000000000033e+00,7.676029999999999909e+00,1.203818000000000055e+01,1.635895000000000010e+01,1.775581000000000031e+01,1.332323000000000057e+01,8.846130000000000493e+00,5.144009999999999749e+00,2.273169999999999913e+00,1.629010000000000069e+00,1.631769999999999943e+00,1.582209999999999894e+00,1.542289999999999939e+00,1.510750000000000037e+00,1.488809999999999967e+00,1.479149999999999965e+00,1.477190000000000003e+00,1.475600000000000023e+00,1.518920000000000048e+00,1.564500000000000002e+00,1.614729999999999999e+00,1.541269999999999918e+00,1.595310000000000006e+00,1.650409999999999933e+00,1.704290000000000083e+00,1.745139999999999914e+00,1.788310000000000066e+00,1.833450000000000024e+00,1.880919999999999925e+00,1.892269999999999897e+00,1.912449999999999983e+00,1.908260000000000067e+00,1.910970000000000057e+00,1.877010000000000067e+00,1.869660000000000100e+00,1.848400000000000043e+00,1.840559999999999974e+00,1.844559999999999977e+00,1.863210000000000033e+00,1.853169999999999984e+00,1.873329999999999940e+00,1.888589999999999991e+00,1.911219999999999919e+00,1.932460000000000067e+00,1.957330000000000014e+00,1.955470000000000041e+00,1.957999999999999963e+00,1.908420000000000005e+00,1.914090000000000069e+00,1.904099999999999904e+00,1.897029999999999994e+00,1.890609999999999902e+00,1.888689999999999980e+00,1.890309999999999935e+00,1.896539999999999893e+00,1.908220000000000027e+00,1.923450000000000104e+00,1.929480000000000084e+00,1.938409999999999966e+00,1.941500000000000004e+00,1.946339999999999959e+00,1.954630000000000090e+00,1.966010000000000035e+00,1.981689999999999952e+00,1.999870000000000037e+00,2.020989999999999842e+00,2.044570000000000221e+00,2.070190000000000197e+00,2.098629999999999995e+00,2.091369999999999951e+00,2.090329999999999799e+00,2.066469999999999807e+00,2.046609999999999818e+00,1.972239999999999993e+00,1.891690000000000094e+00,1.813139999999999974e+00,1.738779999999999992e+00,1.669780000000000042e+00,1.604829999999999979e+00,1.544489999999999919e+00,1.489179999999999948e+00,1.439799999999999969e+00,1.394989999999999952e+00,1.358149999999999968e+00,1.325779999999999959e+00,1.284010000000000096e+00,1.254620000000000068e+00,1.216120000000000090e+00,1.185100000000000042e+00,1.134589999999999987e+00,1.091690000000000049e+00,1.018310000000000048e+00,9.716299999999999937e-01,8.567599999999999660e-01,8.848599999999999799e-01,8.525700000000000500e-01,8.314300000000000024e-01,7.598099999999999854e-01,6.920500000000000540e-01,6.267200000000000548e-01,5.658499999999999641e-01,5.092700000000000005e-01,4.553400000000000225e-01,4.120500000000000274e-01,3.740499999999999936e-01,3.285699999999999732e-01,2.911099999999999799e-01,2.495699999999999863e-01,2.172000000000000042e-01,1.778899999999999926e-01,1.463500000000000079e-01,1.225399999999999961e-01,1.074100000000000055e-01,1.005800000000000027e-01,1.021299999999999986e-01,-1.102700000000000069e-01,1.190930000000000044e+00,4.686180000000000234e+00,8.692289999999999850e+00,1.343088000000000015e+01,1.829604000000000141e+01,2.000787000000000049e+01,1.540460999999999991e+01,1.097264000000000017e+01,6.355500000000000149e+00,3.424679999999999946e+00,3.007849999999999913e+00,3.061249999999999805e+00,2.986540000000000195e+00,2.913590000000000124e+00,2.841279999999999806e+00,2.770509999999999806e+00,2.698049999999999837e+00,2.627209999999999823e+00,2.557970000000000077e+00,2.490289999999999893e+00,2.424669999999999881e+00,2.361240000000000006e+00,2.301019999999999843e+00,2.243030000000000079e+00,2.186389999999999834e+00,2.131949999999999790e+00,2.082279999999999909e+00,2.035400000000000098e+00,1.981249999999999956e+00,1.928600000000000092e+00,1.878810000000000091e+00,1.832910000000000039e+00,1.793619999999999992e+00,1.756829999999999892e+00,1.721079999999999943e+00,1.688090000000000090e+00,1.660029999999999895e+00,1.635950000000000015e+00,1.612589999999999968e+00,1.599630000000000107e+00,1.586580000000000101e+00,1.578759999999999941e+00,1.536229999999999984e+00,1.493349999999999955e+00,1.452250000000000041e+00,1.420739999999999892e+00,1.393070000000000030e+00,1.370030000000000081e+00,1.349140000000000006e+00,1.333020000000000094e+00,1.331990000000000007e+00,1.326500000000000012e+00,1.307250000000000023e+00,1.295679999999999943e+00,1.146039999999999948e+00,1.199869999999999992e+00,1.242080000000000073e+00,1.287420000000000009e+00,1.327909999999999924e+00,1.369939999999999936e+00,1.419019999999999948e+00,1.470150000000000068e+00,1.524469999999999992e+00,1.581749999999999989e+00,1.641699999999999937e+00,1.703999999999999959e+00,1.769649999999999945e+00,1.837380000000000013e+00,1.884640000000000093e+00,1.933829999999999938e+00,1.979079999999999950e+00,2.021560000000000024e+00,2.008529999999999927e+00,1.994779999999999998e+00,1.985530000000000017e+00,1.979389999999999983e+00,1.981859999999999955e+00,1.985729999999999995e+00,1.999500000000000055e+00,2.018390000000000128e+00,1.988070000000000004e+00,1.960739999999999927e+00,1.906949999999999923e+00,1.971270000000000078e+00,1.956339999999999968e+00,1.944460000000000077e+00,1.935130000000000017e+00,1.928879999999999928e+00,1.926979999999999915e+00,1.928209999999999980e+00,1.933699999999999974e+00,1.942309999999999981e+00,1.954029999999999934e+00,1.968679999999999986e+00,1.976129999999999942e+00,1.987489999999999979e+00,1.972820000000000018e+00,1.966760000000000064e+00,1.920080000000000009e+00,1.875480000000000036e+00,1.831499999999999906e+00,1.790010000000000101e+00,1.751689999999999969e+00,1.715810000000000057e+00,1.682879999999999932e+00,1.651720000000000077e+00,1.616479999999999917e+00,1.583820000000000006e+00,1.547379999999999978e+00,1.511479999999999935e+00,1.481749999999999901e+00,1.450720000000000010e+00,1.350139999999999896e+00,1.436809999999999921e+00,1.433110000000000106e+00,1.433580000000000076e+00,1.438299999999999912e+00,1.447140000000000093e+00,1.459740000000000038e+00,1.477170000000000094e+00,1.498429999999999929e+00,1.524480000000000057e+00,1.554589999999999916e+00,1.588019999999999987e+00,1.625150000000000095e+00,1.665529999999999955e+00,1.710309999999999997e+00,1.756240000000000023e+00,1.799730000000000052e+00,1.844589999999999952e+00,1.891639999999999988e+00,1.941400000000000015e+00,1.992960000000000065e+00,2.047060000000000102e+00,2.105840000000000156e+00,2.166490000000000027e+00,2.228880000000000194e+00,2.293579999999999952e+00,2.361089999999999911e+00,2.430680000000000174e+00,2.501759999999999984e+00,2.573519999999999808e+00,2.646640000000000104e+00,2.721420000000000172e+00,2.796549999999999869e+00,2.874789999999999957e+00,2.960090000000000110e+00,3.046030000000000015e+00,3.510190000000000143e+00,4.404289999999999594e+00,5.616209999999999702e+00,7.901290000000000369e+00,1.221392999999999951e+01,1.695889000000000024e+01,1.963493000000000066e+01,1.430123999999999995e+01,9.582900000000000418e+00,7.396329999999999849e+00,6.149750000000000050e+00,5.715139999999999887e+00,5.679429999999999978e+00,5.590119999999999756e+00,5.501170000000000115e+00,5.414310000000000400e+00,5.326859999999999928e+00,5.235170000000000101e+00,5.141239999999999810e+00,5.058320000000000149e+00,4.974330000000000140e+00,4.892100000000000115e+00,4.804809999999999803e+00,4.721569999999999823e+00,4.638110000000000177e+00,4.552990000000000315e+00,4.467480000000000118e+00,4.378639999999999866e+00,4.289679999999999715e+00,4.200429999999999886e+00,4.111580000000000013e+00,4.024339999999999584e+00,3.937580000000000080e+00,3.850690000000000168e+00,3.764310000000000045e+00,3.678789999999999782e+00,3.593199999999999950e+00,3.508340000000000014e+00,3.424049999999999816e+00,3.340619999999999923e+00,3.257519999999999971e+00,3.175349999999999895e+00,3.093840000000000146e+00,3.012809999999999988e+00,2.932080000000000020e+00,2.853310000000000013e+00,2.775560000000000027e+00,2.697740000000000027e+00,2.620559999999999778e+00,2.543550000000000200e+00,2.467530000000000001e+00,2.390569999999999862e+00,2.314649999999999874e+00,2.240610000000000213e+00,2.167739999999999778e+00,2.095279999999999809e+00,2.024319999999999897e+00,1.955719999999999903e+00,1.888949999999999907e+00,1.822950000000000070e+00,1.759090000000000042e+00,1.697629999999999972e+00,1.638549999999999951e+00,1.581409999999999982e+00,1.526380000000000070e+00,1.472790000000000044e+00,1.425450000000000106e+00,1.376689999999999969e+00,1.333849999999999980e+00,1.293320000000000025e+00,1.255649999999999933e+00,1.220720000000000027e+00,1.190720000000000001e+00,1.151869999999999949e+00,1.114870000000000028e+00,1.077579999999999982e+00,1.043069999999999942e+00,1.014019999999999921e+00,9.876200000000000534e-01,9.660800000000000498e-01,9.482599999999999918e-01,9.333399999999999475e-01,9.220300000000000162e-01,9.148300000000000320e-01,9.116400000000000059e-01,9.141500000000000181e-01,9.200300000000000145e-01,9.219800000000000217e-01,9.276799999999999491e-01,8.952799999999999647e-01,8.642300000000000537e-01,8.294099999999999806e-01,7.996400000000000174e-01,7.688500000000000334e-01,7.428700000000000303e-01,7.214599999999999902e-01,7.037600000000000522e-01,6.765799999999999592e-01,6.916999999999999815e-01,6.975900000000000434e-01,7.102199999999999624e-01,7.262699999999999712e-01,7.483499999999999597e-01,7.716899999999999871e-01,7.986900000000000110e-01,8.355299999999999949e-01,8.761400000000000299e-01,9.187800000000000411e-01,9.661100000000000243e-01,1.016699999999999937e+00,1.071539999999999937e+00,1.122270000000000101e+00,1.176050000000000040e+00,1.232439999999999980e+00,1.291250000000000009e+00,1.352549999999999919e+00,1.416420000000000012e+00,1.483919999999999906e+00,1.554049999999999931e+00,1.625830000000000108e+00,1.699929999999999941e+00,1.776399999999999979e+00,1.853609999999999980e+00,1.901010000000000089e+00,1.950590000000000046e+00,1.834189999999999987e+00,1.765589999999999993e+00,1.788270000000000026e+00,1.829830000000000068e+00,1.863850000000000007e+00,1.925969999999999960e+00,1.938439999999999941e+00,1.955200000000000049e+00,1.972909999999999942e+00,1.994550000000000045e+00,1.989069999999999894e+00,1.986639999999999961e+00,1.755100000000000104e+00,2.003559999999999786e+00,2.009900000000000020e+00,2.019930000000000003e+00,2.040230000000000210e+00,2.064119999999999955e+00,2.087629999999999875e+00,2.114339999999999886e+00,2.142549999999999955e+00,2.173799999999999955e+00,2.178339999999999943e+00,2.186020000000000074e+00,2.151229999999999976e+00,2.122269999999999879e+00,2.090590000000000170e+00,2.064620000000000122e+00,2.042670000000000208e+00,2.026019999999999932e+00,2.015870000000000051e+00,2.010909999999999975e+00,2.004449999999999843e+00,2.000859999999999861e+00,1.996850000000000014e+00,1.995500000000000052e+00,1.988070000000000004e+00,1.984529999999999905e+00,1.962879999999999958e+00,1.944139999999999979e+00,1.876649999999999929e+00,1.812389999999999946e+00,1.723510000000000097e+00,1.641359999999999930e+00,1.558880000000000043e+00,1.479570000000000052e+00,1.394709999999999894e+00,1.311679999999999957e+00,1.226010000000000044e+00,1.141760000000000108e+00,1.041849999999999943e+00,9.945800000000000196e-01,9.284400000000000430e-01,8.660999999999999810e-01,8.052700000000000413e-01,7.965900000000000203e-01,7.713900000000000201e-01,7.547599999999999865e-01,5.996200000000000419e-01,1.038969999999999949e+00,1.096649999999999903e+00,1.162590000000000012e+00,3.367140000000000022e+00,7.677500000000000213e+00,1.272234000000000087e+01,1.788711999999999946e+01,1.877668999999999855e+01,1.356563000000000052e+01,8.614879999999999427e+00,5.086000000000000298e+00,3.217550000000000132e+00,3.146419999999999995e+00,3.084369999999999834e+00,3.023270000000000124e+00,2.965869999999999784e+00,2.863939999999999930e+00,2.842319999999999958e+00,2.792510000000000048e+00,2.744569999999999954e+00,2.675940000000000207e+00,2.608169999999999877e+00,2.538339999999999819e+00,2.470029999999999948e+00,2.397380000000000067e+00,2.352219999999999978e+00,2.302709999999999813e+00,2.257050000000000001e+00,2.212530000000000108e+00,2.170739999999999892e+00,2.132969999999999811e+00,2.099720000000000031e+00,2.070059999999999789e+00,2.045409999999999950e+00,2.025799999999999823e+00,2.011569999999999858e+00,2.003010000000000179e+00,1.998359999999999914e+00,1.990180000000000060e+00,1.987119999999999997e+00,1.989260000000000028e+00,1.996170000000000000e+00,2.008259999999999934e+00,2.024799999999999933e+00,2.043439999999999923e+00,2.065679999999999961e+00,2.084449999999999914e+00,2.106570000000000054e+00,2.131889999999999841e+00,2.160460000000000047e+00,2.185760000000000147e+00,2.213499999999999801e+00,2.186819999999999986e+00,2.163209999999999855e+00,1.998960000000000070e+00,1.979670000000000041e+00,1.976580000000000004e+00,1.978739999999999943e+00,1.948139999999999983e+00,2.001869999999999816e+00,2.008939999999999948e+00,2.025599999999999845e+00,1.988320000000000087e+00,2.016410000000000036e+00,2.003340000000000121e+00,1.994029999999999969e+00,1.984299999999999953e+00,1.978679999999999994e+00,1.975829999999999975e+00,1.977020000000000000e+00,1.981999999999999984e+00,1.991009999999999946e+00,2.003490000000000215e+00,2.019499999999999851e+00,2.039509999999999934e+00,2.063039999999999985e+00,2.044639999999999791e+00,2.029399999999999871e+00,1.993290000000000006e+00,1.962099999999999955e+00,1.913089999999999957e+00,1.867639999999999967e+00,1.802899999999999947e+00,1.743300000000000072e+00,1.689769999999999994e+00,1.642570000000000086e+00,1.595830000000000082e+00,1.549889999999999990e+00,1.502269999999999994e+00,1.458150000000000057e+00,1.415980000000000016e+00,1.377729999999999899e+00,1.343539999999999957e+00,1.312400000000000011e+00,1.286370000000000013e+00,1.263730000000000020e+00,1.245589999999999975e+00,1.232210000000000027e+00,1.223279999999999923e+00,1.219270000000000076e+00,1.210499999999999909e+00,1.203019999999999978e+00,1.195789999999999909e+00,1.193640000000000034e+00,1.185799999999999965e+00,1.180919999999999970e+00,1.180320000000000036e+00,1.181799999999999962e+00,1.187610000000000054e+00,1.196819999999999995e+00,1.208879999999999955e+00,1.224490000000000078e+00,1.243829999999999991e+00,1.266450000000000076e+00,1.291700000000000070e+00,1.319770000000000110e+00,1.349779999999999980e+00,1.381199999999999983e+00,1.422220000000000040e+00,1.458979999999999944e+00,1.503279999999999950e+00,1.550189999999999957e+00,1.597439999999999971e+00,1.647070000000000034e+00,1.701179999999999914e+00,1.757400000000000073e+00,1.790859999999999896e+00,1.873699999999999921e+00,1.741600000000000037e+00,4.067859999999999587e+00,8.300230000000000885e+00,1.296438999999999986e+01,1.371415000000000006e+01,9.491009999999999280e+00,5.607249999999999623e+00,3.509609999999999896e+00,3.199450000000000127e+00,3.125760000000000094e+00,3.053249999999999797e+00,2.977920000000000122e+00,2.902890000000000192e+00,2.832870000000000221e+00,2.758809999999999985e+00,2.686620000000000008e+00,2.615000000000000213e+00,2.542429999999999968e+00,2.471309999999999896e+00,2.401780000000000026e+00,2.333750000000000213e+00,2.269800000000000040e+00,2.206160000000000121e+00,2.144550000000000178e+00,2.084999999999999964e+00,2.024910000000000210e+00,1.964560000000000084e+00,1.910409999999999942e+00,1.856170000000000098e+00,1.805560000000000054e+00,1.757719999999999949e+00,1.461759999999999948e+00,1.497409999999999908e+00,1.464530000000000109e+00,1.436250000000000027e+00,1.414560000000000040e+00,1.397229999999999972e+00,1.383769999999999945e+00,1.374759999999999982e+00,1.367990000000000039e+00,1.372989999999999933e+00,1.380959999999999965e+00,1.392030000000000101e+00,1.406579999999999941e+00,1.424269999999999925e+00,1.446690000000000031e+00,1.472620000000000040e+00,1.501910000000000078e+00,1.534499999999999975e+00,1.569960000000000022e+00,1.608530000000000015e+00,1.650360000000000049e+00,1.693780000000000063e+00,1.726939999999999920e+00,1.757390000000000008e+00,1.779120000000000035e+00,1.803719999999999990e+00,1.824489999999999945e+00,1.848070000000000102e+00,1.876900000000000013e+00,1.906830000000000025e+00,1.934979999999999922e+00,1.963419999999999943e+00,1.925890000000000102e+00,1.907459999999999933e+00,1.901450000000000085e+00,1.909960000000000102e+00,1.928020000000000067e+00,1.979970000000000008e+00,2.017409999999999926e+00,2.054759999999999920e+00,2.058380000000000098e+00,2.079289999999999861e+00,2.088729999999999976e+00,2.101010000000000044e+00,2.094269999999999854e+00,2.100880000000000081e+00,2.088429999999999787e+00,2.079720000000000013e+00,2.074699999999999989e+00,2.073080000000000034e+00,2.061580000000000190e+00,2.053539999999999921e+00,2.040369999999999795e+00,2.033249999999999780e+00,2.032890000000000086e+00,2.038629999999999942e+00,2.052090000000000192e+00,2.071149999999999824e+00,2.094460000000000210e+00,2.123419999999999863e+00,2.099019999999999886e+00,2.075089999999999879e+00,2.046289999999999942e+00,2.020880000000000010e+00,1.962690000000000046e+00,1.908150000000000013e+00,1.845820000000000016e+00,1.789789999999999992e+00,1.727009999999999934e+00,1.668199999999999905e+00,1.621429999999999927e+00,1.580140000000000100e+00,1.535639999999999894e+00,1.493319999999999981e+00,1.454420000000000046e+00,1.419519999999999893e+00,1.391219999999999901e+00,1.365560000000000107e+00,1.345450000000000035e+00,1.328950000000000076e+00,1.316119999999999957e+00,1.307770000000000099e+00,1.298999999999999932e+00,1.294529999999999959e+00,1.264710000000000001e+00,1.238510000000000000e+00,1.215279999999999916e+00,1.195419999999999927e+00,1.179629999999999956e+00,1.167759999999999909e+00,1.161119999999999930e+00,1.156809999999999894e+00,1.156930000000000014e+00,1.160600000000000076e+00,1.168560000000000043e+00,1.180369999999999919e+00,1.197419999999999929e+00,1.216909999999999936e+00,1.239649999999999919e+00,1.266150000000000109e+00,1.297979999999999912e+00,1.331399999999999917e+00,1.185740000000000016e+00,1.605769999999999920e+00,1.650160000000000071e+00,1.697030000000000038e+00,1.718879999999999963e+00,1.835380000000000011e+00,1.918840000000000101e+00,2.030660000000000132e+00,3.007680000000000131e+00,5.807450000000000223e+00,1.024639999999999951e+01,1.490986999999999973e+01,1.512573000000000079e+01,1.067242000000000068e+01,6.759769999999999612e+00,5.016469999999999985e+00,4.540680000000000049e+00,4.449530000000000207e+00,4.360170000000000101e+00,4.273119999999999585e+00,4.184129999999999683e+00,4.098239999999999661e+00,4.012710000000000221e+00,3.926130000000000120e+00,3.839510000000000201e+00,3.758840000000000181e+00,3.679809999999999803e+00,3.598949999999999871e+00,3.519080000000000208e+00,3.442480000000000206e+00,3.366080000000000183e+00,3.288050000000000139e+00,3.211180000000000145e+00,3.127419999999999867e+00,3.044319999999999915e+00,2.963290000000000202e+00,2.882340000000000124e+00,2.800399999999999778e+00,2.717080000000000162e+00,2.632270000000000110e+00,2.548290000000000166e+00,2.464710000000000178e+00,2.382210000000000161e+00,2.301120000000000054e+00,2.221299999999999830e+00,2.142319999999999780e+00,2.064249999999999918e+00,1.986520000000000064e+00,1.909990000000000077e+00,1.832349999999999923e+00,1.756080000000000085e+00,1.675059999999999993e+00,1.608160000000000034e+00,1.542100000000000026e+00,1.478129999999999944e+00,1.415350000000000108e+00,1.354370000000000074e+00,1.298710000000000031e+00,1.245130000000000070e+00,1.194679999999999964e+00,1.147829999999999906e+00,1.103140000000000009e+00,1.061450000000000005e+00,1.026710000000000012e+00,9.934699999999999642e-01,9.669400000000000217e-01,9.459600000000000231e-01,9.135199999999999987e-01,8.873999999999999666e-01,8.567500000000000115e-01,8.510100000000000442e-01,8.366099999999999648e-01,8.251899999999999791e-01,8.122899999999999565e-01,8.042500000000000204e-01,8.019300000000000317e-01,8.047999999999999599e-01,8.127400000000000180e-01,8.258900000000000130e-01,8.286799999999999722e-01,8.340499999999999581e-01,8.225799999999999779e-01,8.161899999999999711e-01,8.122399999999999620e-01,8.168499999999999650e-01,8.142300000000000093e-01,8.183700000000000419e-01,8.158900000000000041e-01,8.189899999999999958e-01,8.244799999999999907e-01,8.356599999999999584e-01,8.535000000000000364e-01,8.719500000000000028e-01,8.870099999999999651e-01,9.035400000000000098e-01,9.212799999999999878e-01,9.420800000000000285e-01,9.662500000000000533e-01,9.936599999999999877e-01,1.025220000000000020e+00,1.060119999999999951e+00,1.099280000000000035e+00,1.141329999999999956e+00,1.186039999999999983e+00,1.233400000000000052e+00,1.284790000000000099e+00,1.337690000000000046e+00,1.394609999999999905e+00,1.453819999999999890e+00,1.513740000000000085e+00,1.576659999999999950e+00,1.632870000000000044e+00,1.694160000000000110e+00,1.713310000000000111e+00,1.736410000000000009e+00,1.744390000000000107e+00,1.754550000000000054e+00,1.800219999999999931e+00,1.848119999999999985e+00,1.847839999999999927e+00,1.854119999999999990e+00,1.770669999999999966e+00,1.753740000000000077e+00,1.740539999999999976e+00,1.798219999999999930e+00,1.841809999999999947e+00,1.886919999999999931e+00,1.917550000000000088e+00,1.952639999999999931e+00,1.974189999999999889e+00,2.001189999999999802e+00,1.985239999999999894e+00,1.973370000000000068e+00,1.963060000000000027e+00,1.956609999999999960e+00,1.954269999999999952e+00,1.955880000000000063e+00,1.959230000000000027e+00,1.965950000000000086e+00,1.969959999999999933e+00,1.979090000000000016e+00,1.989780000000000104e+00,2.004469999999999974e+00,2.005059999999999842e+00,2.008459999999999912e+00,2.012890000000000068e+00,2.020080000000000098e+00,2.019379999999999953e+00,2.021469999999999878e+00,2.018520000000000092e+00,2.018289999999999917e+00,2.020570000000000199e+00,2.024290000000000145e+00,2.023120000000000029e+00,2.024620000000000086e+00,2.003649999999999931e+00,1.986920000000000019e+00,1.974220000000000086e+00,1.965070000000000094e+00,1.960080000000000044e+00,1.958890000000000020e+00,1.961589999999999945e+00,1.967549999999999910e+00,1.960029999999999939e+00,1.955049999999999955e+00,1.929300000000000015e+00,1.907070000000000043e+00,1.884819999999999940e+00,1.866530000000000022e+00,1.831010000000000026e+00,1.789379999999999971e+00,1.703410000000000091e+00,1.624390000000000001e+00,1.546519999999999895e+00,1.483929999999999971e+00,1.421480000000000077e+00,1.388449999999999962e+00,1.352740000000000054e+00,1.327059999999999906e+00,1.312680000000000069e+00,1.308950000000000058e+00,1.317989999999999995e+00,1.337220000000000075e+00,1.362489999999999979e+00,1.396379999999999955e+00,1.409299999999999997e+00,1.429769999999999985e+00,1.440180000000000016e+00,1.475289999999999990e+00,1.523460000000000036e+00,1.585560000000000080e+00,1.631429999999999936e+00,1.682229999999999892e+00,1.732529999999999903e+00,1.787590000000000012e+00,1.845599999999999907e+00,1.907429999999999959e+00,1.975689999999999946e+00,2.047470000000000123e+00,2.118329999999999824e+00,2.192520000000000024e+00,2.275749999999999940e+00,2.361720000000000041e+00,2.445069999999999855e+00,2.526240000000000041e+00,2.596839999999999815e+00,2.669909999999999783e+00,2.660470000000000113e+00,2.995049999999999990e+00,5.811099999999999710e+00,9.799170000000000158e+00,1.494032999999999944e+01,2.022776999999999958e+01,2.053595999999999933e+01,1.647347999999999857e+01,1.263730999999999938e+01,9.269859999999999545e+00,6.913280000000000314e+00,6.207910000000000039e+00,6.165720000000000312e+00,6.071939999999999671e+00,5.978449999999999598e+00,5.881249999999999645e+00,5.785099999999999909e+00,5.696089999999999876e+00,5.607380000000000031e+00,5.515970000000000262e+00,5.424949999999999939e+00,5.325319999999999609e+00,5.256269999999999776e+00,5.172039999999999971e+00,5.088350000000000151e+00,5.008469999999999978e+00,4.929789999999999672e+00,4.851759999999999629e+00,4.774930000000000341e+00,4.698290000000000077e+00,4.622790000000000177e+00,4.545149999999999579e+00,4.468589999999999840e+00,4.390489999999999782e+00,4.313019999999999854e+00,4.234829999999999650e+00,4.156699999999999839e+00,4.080490000000000173e+00,4.005080000000000418e+00,3.930320000000000036e+00,3.856349999999999945e+00,3.781989999999999963e+00,3.707549999999999901e+00,3.634199999999999875e+00,3.561879999999999935e+00,3.490479999999999805e+00,3.420240000000000169e+00,3.350940000000000030e+00,3.282890000000000086e+00,3.215780000000000083e+00,3.150020000000000042e+00,3.086390000000000189e+00,3.023320000000000007e+00,2.962040000000000006e+00,2.902169999999999916e+00,2.843770000000000131e+00,2.786810000000000009e+00,2.732000000000000206e+00,2.678650000000000198e+00,2.627619999999999845e+00,2.578149999999999942e+00,2.531019999999999825e+00,2.486340000000000217e+00,2.443589999999999929e+00,2.402960000000000207e+00,2.365029999999999966e+00,2.329209999999999781e+00,2.295589999999999797e+00,2.264749999999999819e+00,2.234220000000000095e+00,2.203770000000000007e+00,2.175129999999999786e+00,2.148719999999999963e+00,2.125950000000000006e+00,2.105350000000000055e+00,2.086349999999999927e+00,2.069770000000000110e+00,2.056200000000000028e+00,2.044410000000000061e+00,2.035769999999999857e+00,2.028919999999999835e+00,2.012649999999999828e+00,1.994340000000000002e+00,1.980939999999999923e+00,1.970199999999999951e+00,1.960879999999999956e+00,1.954229999999999912e+00,1.952159999999999895e+00,1.952280000000000015e+00,1.954039999999999999e+00,1.958760000000000057e+00,1.967100000000000071e+00,1.975170000000000092e+00,1.989919999999999911e+00,2.007190000000000030e+00,2.015909999999999869e+00,2.027540000000000120e+00,2.030269999999999797e+00,2.036020000000000163e+00,2.015979999999999883e+00,1.999349999999999961e+00,1.988110000000000044e+00,1.978480000000000016e+00,1.973619999999999930e+00,1.970210000000000017e+00,1.972159999999999913e+00,1.975789999999999935e+00,1.984180000000000055e+00,1.995730000000000004e+00,2.009900000000000020e+00,2.027179999999999982e+00,2.048080000000000123e+00,2.072379999999999889e+00,2.099979999999999958e+00,2.130459999999999798e+00,2.137570000000000192e+00,2.145929999999999893e+00,2.123499999999999943e+00,2.107520000000000060e+00,2.037690000000000001e+00,1.987389999999999990e+00,2.000589999999999868e+00,2.041970000000000063e+00,2.035140000000000171e+00,2.047270000000000145e+00,1.990080000000000071e+00,1.937959999999999905e+00,1.879380000000000051e+00,1.838840000000000030e+00,1.795309999999999961e+00,1.755209999999999937e+00,1.720299999999999940e+00,1.688630000000000075e+00,1.662400000000000100e+00,1.641150000000000109e+00,1.623050000000000104e+00,1.608309999999999906e+00,1.599460000000000104e+00,1.593939999999999912e+00,1.593259999999999899e+00,1.596360000000000001e+00,1.603960000000000052e+00,1.615499999999999936e+00,1.625280000000000058e+00,1.634840000000000071e+00,1.614819999999999922e+00,1.598819999999999908e+00,1.589299999999999935e+00,1.582670000000000021e+00,1.583269999999999955e+00,1.589229999999999920e+00,1.600289999999999990e+00,1.616270000000000095e+00,1.636660000000000004e+00,1.662029999999999896e+00,1.693230000000000013e+00,1.727209999999999912e+00,1.769160000000000066e+00,1.813250000000000028e+00,1.862900000000000000e+00,1.916690000000000005e+00,1.974639999999999951e+00,2.035750000000000171e+00,2.100890000000000146e+00,2.169249999999999901e+00,2.232070000000000221e+00,2.296679999999999833e+00,2.352160000000000029e+00,2.409590000000000121e+00,2.467849999999999877e+00,2.528799999999999937e+00,2.591419999999999835e+00,2.655780000000000030e+00,2.713340000000000085e+00,2.773460000000000036e+00,2.828879999999999839e+00,2.886169999999999902e+00,2.946549999999999780e+00,3.009389999999999787e+00,3.074710000000000054e+00,3.141989999999999839e+00,3.211129999999999818e+00,3.282280000000000086e+00,3.356279999999999930e+00,3.431719999999999882e+00,3.509090000000000042e+00,3.588189999999999991e+00,3.767490000000000006e+00,4.415359999999999729e+00,4.501409999999999911e+00,4.587920000000000442e+00,4.675939999999999763e+00,4.764300000000000423e+00,4.849310000000000009e+00,4.935010000000000119e+00,5.028100000000000236e+00,5.121030000000000193e+00,5.211260000000000225e+00,5.301529999999999632e+00,5.699519999999999698e+00,7.184739999999999682e+00,9.378890000000000171e+00,1.217478000000000016e+01,1.672021000000000157e+01,2.158580999999999861e+01,1.995252999999999943e+01,1.560072000000000081e+01,1.138063999999999965e+01,6.809910000000000352e+00,3.398649999999999949e+00,2.080429999999999779e+00,1.747719999999999940e+00,1.639320000000000110e+00,1.754890000000000061e+00,1.677720000000000100e+00,1.734369999999999967e+00,1.761989999999999945e+00,1.793239999999999945e+00,1.827169999999999961e+00,1.864230000000000054e+00,1.793320000000000025e+00,1.785099999999999909e+00,1.766820000000000057e+00,1.809430000000000094e+00,1.849520000000000053e+00,1.896709999999999896e+00,1.947729999999999961e+00,2.005389999999999784e+00,2.038600000000000190e+00,2.071169999999999956e+00,2.096649999999999903e+00,2.126389999999999780e+00,2.109449999999999825e+00,2.094980000000000064e+00,2.066349999999999909e+00,2.040890000000000093e+00,1.971840000000000037e+00,1.980390000000000095e+00,2.001679999999999904e+00,2.029090000000000060e+00,2.052680000000000060e+00,2.084890000000000132e+00,2.102289999999999992e+00,2.126199999999999868e+00,2.130650000000000155e+00,2.137360000000000149e+00,2.125220000000000109e+00,2.112859999999999960e+00,2.104319999999999968e+00,2.098780000000000090e+00,2.090489999999999959e+00,2.084779999999999855e+00,2.070730000000000182e+00,2.059940000000000104e+00,2.052579999999999849e+00,2.048890000000000100e+00,2.047089999999999854e+00,2.047979999999999912e+00,2.045259999999999856e+00,2.046359999999999957e+00,2.051759999999999806e+00,2.060610000000000053e+00,2.054489999999999927e+00,2.037440000000000140e+00,1.963819999999999899e+00,1.892050000000000010e+00,1.821420000000000039e+00,1.753440000000000110e+00,1.687990000000000101e+00,1.624710000000000099e+00,1.565530000000000088e+00,1.509640000000000093e+00,1.456099999999999950e+00,1.405240000000000045e+00,1.360279999999999934e+00,1.319390000000000063e+00,1.282829999999999915e+00,1.250629999999999908e+00,1.221710000000000074e+00,1.197330000000000005e+00,1.178600000000000092e+00,1.163739999999999997e+00,1.147890000000000077e+00,1.135899999999999910e+00,1.126349999999999962e+00,1.121310000000000029e+00,1.124300000000000077e+00,1.131890000000000063e+00,1.142830000000000013e+00,1.158269999999999911e+00,1.177170000000000050e+00,1.200420000000000043e+00,1.227570000000000050e+00,1.258829999999999893e+00,1.294240000000000057e+00,1.332689999999999930e+00,1.373040000000000038e+00,1.411149999999999904e+00,1.441310000000000091e+00,1.474960000000000049e+00,1.511740000000000084e+00,1.551979999999999915e+00,1.597239999999999993e+00,1.644889999999999963e+00,1.694399999999999906e+00,1.746070000000000011e+00,1.741630000000000011e+00,1.830160000000000009e+00,1.888679999999999914e+00,1.945999999999999952e+00,1.966050000000000075e+00,2.119310000000000027e+00,2.189919999999999867e+00,2.261190000000000033e+00,2.314309999999999867e+00,4.505499999999999616e+00,8.346249999999999503e+00,1.261843999999999966e+01,2.084343000000000146e+01,1.565676000000000023e+01,1.075572000000000017e+01,7.319340000000000401e+00,4.765119999999999578e+00,3.026959999999999873e+00,2.626219999999999999e+00,2.555930000000000035e+00,2.485599999999999810e+00,2.417250000000000121e+00,2.350439999999999863e+00,1.623439999999999994e+00,1.809509999999999952e+00,1.791819999999999968e+00,1.776250000000000107e+00,1.765859999999999985e+00,1.756099999999999994e+00,1.746199999999999974e+00,1.738390000000000102e+00,1.680139999999999967e+00,1.724699999999999900e+00,1.742769999999999930e+00,1.762599999999999945e+00,1.776629999999999932e+00,1.793739999999999890e+00,1.811160000000000103e+00,1.831709999999999949e+00,1.856289999999999996e+00,1.883760000000000101e+00,1.916539999999999910e+00,1.952639999999999931e+00,1.990539999999999976e+00,2.028929999999999900e+00,2.061739999999999906e+00,2.097859999999999836e+00,2.084270000000000067e+00,2.075730000000000075e+00,2.063829999999999831e+00,2.059390000000000054e+00,2.061789999999999790e+00,2.072319999999999940e+00,2.091559999999999864e+00,2.121719999999999828e+00,2.120460000000000012e+00,2.124600000000000044e+00,2.118809999999999860e+00,2.115289999999999893e+00,2.106259999999999799e+00,2.101850000000000218e+00,2.073780000000000179e+00,2.049240000000000173e+00,2.025529999999999831e+00,2.004739999999999966e+00,1.982560000000000100e+00,1.964460000000000095e+00,1.950669999999999904e+00,1.941719999999999891e+00,1.938379999999999992e+00,1.939769999999999994e+00,1.944749999999999979e+00,1.953559999999999963e+00,1.967389999999999972e+00,1.985649999999999915e+00,2.011120000000000019e+00,2.038479999999999848e+00,2.014569999999999972e+00,1.990720000000000045e+00,1.950919999999999987e+00,1.914160000000000084e+00,1.871180000000000065e+00,1.831129999999999924e+00,1.791260000000000074e+00,1.754520000000000080e+00,1.724539999999999962e+00,1.691780000000000062e+00,1.665920000000000067e+00,1.642530000000000046e+00,1.621799999999999908e+00,1.604530000000000012e+00,1.569879999999999942e+00,1.539069999999999938e+00,1.500830000000000108e+00,1.466480000000000006e+00,1.428709999999999924e+00,1.394940000000000069e+00,1.364530000000000021e+00,1.337420000000000053e+00,1.308440000000000047e+00,1.281519999999999992e+00,1.255409999999999915e+00,1.232730000000000103e+00,1.207789999999999919e+00,1.184839999999999893e+00,1.167429999999999968e+00,1.153469999999999995e+00,1.143189999999999928e+00,1.136160000000000059e+00,1.133469999999999978e+00,1.132830000000000004e+00,1.137999999999999901e+00,1.146959999999999980e+00,1.156160000000000077e+00,1.167939999999999978e+00,1.190269999999999939e+00,1.216129999999999933e+00,1.241049999999999986e+00,1.269269999999999898e+00,1.305010000000000003e+00,1.342489999999999961e+00,1.381050000000000111e+00,1.422139999999999960e+00,1.468290000000000095e+00,1.517169999999999908e+00,1.567779999999999951e+00,1.620789999999999953e+00,1.676790000000000003e+00,1.734490000000000087e+00,1.794640000000000013e+00,1.856300000000000061e+00,1.920970000000000066e+00,1.986960000000000059e+00,2.054370000000000029e+00,2.122850000000000126e+00,2.191699999999999982e+00,2.260409999999999808e+00,2.329680000000000195e+00,2.400329999999999853e+00,2.467099999999999849e+00,2.535039999999999960e+00,2.588179999999999925e+00,2.641779999999999795e+00,2.696959999999999802e+00,2.753989999999999938e+00,2.811440000000000161e+00,2.870830000000000215e+00,2.933910000000000018e+00,2.998600000000000154e+00,3.062829999999999941e+00,3.128470000000000084e+00,3.197010000000000129e+00,3.266539999999999999e+00,3.335529999999999884e+00,3.405530000000000168e+00,3.481959999999999944e+00,3.555070000000000174e+00,3.622850000000000126e+00,3.691800000000000193e+00,3.778500000000000192e+00,3.861779999999999990e+00,3.778729999999999922e+00,4.051429999999999865e+00,4.136309999999999931e+00,4.221610000000000085e+00,4.305839999999999890e+00,4.390710000000000335e+00,4.479650000000000354e+00,4.568990000000000329e+00,4.658190000000000275e+00,4.745829999999999771e+00,5.012780000000000236e+00,6.119740000000000180e+00,9.793990000000000862e+00,1.417324999999999946e+01,1.948712000000000089e+01,1.546602000000000032e+01,1.165637000000000079e+01,7.502259999999999707e+00,2.765340000000000131e+00,2.437400000000000122e-01,2.955900000000000194e-01,3.014200000000000212e-01,3.107900000000000107e-01,3.250500000000000056e-01,3.446799999999999864e-01,3.707400000000000140e-01,4.012200000000000211e-01,4.345399999999999818e-01,4.719900000000000206e-01,5.158099999999999907e-01,5.635000000000000009e-01,6.127599999999999714e-01,6.644999999999999796e-01,7.231100000000000305e-01,7.842799999999999772e-01,8.462800000000000322e-01,9.105699999999999905e-01,9.791999999999999593e-01,1.049279999999999990e+00,1.122249999999999970e+00,1.196530000000000094e+00,1.271409999999999929e+00,1.348060000000000036e+00,1.427769999999999984e+00,1.508969999999999922e+00,1.584300000000000042e+00,1.661049999999999915e+00,1.728920000000000012e+00,1.798510000000000053e+00,1.814689999999999914e+00,1.841849999999999987e+00,1.868400000000000061e+00,1.898320000000000007e+00,1.917890000000000095e+00,1.962630000000000097e+00,1.965780000000000083e+00,1.962839999999999918e+00,1.890419999999999989e+00,1.922350000000000003e+00,1.923179999999999890e+00,1.935019999999999962e+00,1.809169999999999945e+00,1.921640000000000015e+00,1.927089999999999970e+00,1.937529999999999974e+00,1.930479999999999974e+00,1.927009999999999890e+00,1.918449999999999989e+00,1.913650000000000073e+00,1.910800000000000054e+00,1.911780000000000035e+00,1.919089999999999963e+00,1.930029999999999912e+00,1.943170000000000064e+00,1.958369999999999944e+00,1.978790000000000049e+00,2.002460000000000129e+00,2.028700000000000170e+00,2.054190000000000182e+00,2.057589999999999808e+00,2.062949999999999839e+00,2.049290000000000056e+00,2.038469999999999782e+00,1.994310000000000027e+00,1.954649999999999999e+00,1.920989999999999975e+00,1.894470000000000098e+00,1.865690000000000071e+00,1.877059999999999951e+00,1.860060000000000047e+00,1.851169999999999982e+00,1.830310000000000104e+00,1.818950000000000067e+00,1.787549999999999972e+00,1.759710000000000107e+00,1.735139999999999905e+00,1.723070000000000102e+00,1.722660000000000080e+00,1.734750000000000014e+00,1.682620000000000005e+00,1.849890000000000034e+00,2.354190000000000005e+00,3.134419999999999984e+00,6.531139999999999723e+00,1.067680999999999969e+01,1.567059000000000069e+01,2.081991000000000014e+01,1.800663000000000125e+01,1.331317999999999913e+01,8.757820000000000604e+00,4.993739999999999846e+00,2.566699999999999982e+00,1.912600000000000078e+00,1.689680000000000071e+00,1.512809999999999988e+00,1.542170000000000041e+00,1.545169999999999932e+00,1.553120000000000056e+00,1.582540000000000058e+00,1.604190000000000005e+00,1.623869999999999925e+00,1.645729999999999915e+00,1.643180000000000085e+00,1.645969999999999933e+00,1.654379999999999962e+00,1.668120000000000047e+00,1.644479999999999942e+00,1.671740000000000004e+00,1.692229999999999901e+00,1.716089999999999893e+00,1.744369999999999976e+00,1.774909999999999988e+00,1.796689999999999898e+00,1.821280000000000010e+00,1.785290000000000044e+00,1.773300000000000098e+00,1.785660000000000025e+00,1.815309999999999979e+00,1.842570000000000041e+00,1.872219999999999995e+00,1.904500000000000082e+00,1.937980000000000036e+00,1.960550000000000015e+00,1.986890000000000045e+00,1.989980000000000082e+00,1.996629999999999905e+00,1.985870000000000024e+00,1.977919999999999900e+00,1.943850000000000078e+00,1.943370000000000042e+00,1.928630000000000067e+00,1.924020000000000064e+00,1.928649999999999975e+00,1.943140000000000089e+00,1.946409999999999973e+00,1.997000000000000108e+00,1.954339999999999966e+00,1.958839999999999915e+00,1.950260000000000105e+00,1.949470000000000036e+00,1.959470000000000045e+00,2.044919999999999849e+00,2.058990000000000098e+00,2.072420000000000151e+00,2.075200000000000156e+00,2.080909999999999815e+00,2.074669999999999792e+00,2.069240000000000190e+00,2.065380000000000216e+00,2.064560000000000173e+00,2.069360000000000088e+00,2.073879999999999946e+00,2.050079999999999902e+00,2.026339999999999808e+00,1.984250000000000069e+00,1.943990000000000107e+00,1.888849999999999918e+00,1.836119999999999974e+00,1.779290000000000038e+00,1.723170000000000091e+00,1.670619999999999994e+00,1.619960000000000067e+00,1.573290000000000077e+00,1.527330000000000076e+00,1.484990000000000032e+00,1.445210000000000106e+00,1.407950000000000035e+00,1.373220000000000107e+00,1.341469999999999940e+00,1.312889999999999890e+00,1.278750000000000053e+00,1.247759999999999980e+00,1.206890000000000018e+00,1.169720000000000093e+00,1.126730000000000009e+00,1.087560000000000082e+00,1.051639999999999908e+00,1.019709999999999894e+00,9.912400000000000100e-01,9.669799999999999507e-01,9.490100000000000202e-01,9.334999999999999964e-01,9.247699999999999809e-01,9.190300000000000136e-01,9.180000000000000382e-01,9.217600000000000238e-01,9.299600000000000088e-01,9.427600000000000424e-01,9.297900000000000054e-01,1.004680000000000017e+00,1.127939999999999943e+00,1.615129999999999955e+00,1.672299999999999898e+00,1.731800000000000006e+00,1.793779999999999930e+00,1.857259999999999911e+00,1.921459999999999946e+00,1.987200000000000077e+00,2.048020000000000174e+00,2.110829999999999984e+00,2.178170000000000162e+00,2.245359999999999800e+00,2.311360000000000081e+00,2.379719999999999835e+00,2.450099999999999945e+00,2.522679999999999811e+00,2.595169999999999977e+00,2.669270000000000032e+00,3.262690000000000090e+00,5.915829999999999700e+00,1.141421000000000063e+01,1.715037999999999840e+01,1.785927999999999827e+01,1.320415999999999990e+01,8.532120000000000815e+00,5.335350000000000037e+00,2.623769999999999936e+00,9.896800000000000042e-01,4.804999999999999827e-01,4.746400000000000063e-01,4.801199999999999912e-01,4.541600000000000081e-01,5.262999999999999901e-01,5.228300000000000169e-01,5.458800000000000319e-01,5.419699999999999518e-01,6.013699999999999601e-01,5.758600000000000385e-01,5.557699999999999863e-01,5.311700000000000310e-01,5.116899999999999782e-01,4.986099999999999977e-01,4.914100000000000135e-01,4.886900000000000133e-01,4.954899999999999860e-01,5.076800000000000201e-01,5.296899999999999942e-01,5.572799999999999976e-01,5.931600000000000206e-01,6.295800000000000285e-01,6.704700000000000104e-01,6.832000000000000295e-01,6.995999999999999996e-01,6.949100000000000277e-01,6.963200000000000500e-01,7.034099999999999797e-01,7.167099999999999582e-01,7.352699999999999791e-01,7.594800000000000439e-01,7.881799999999999917e-01,8.220399999999999929e-01,8.482300000000000395e-01,8.809500000000000108e-01,8.925100000000000255e-01,9.203799999999999759e-01,9.592899999999999761e-01,1.012399999999999967e+00,1.075779999999999959e+00,1.159399999999999986e+00,1.221870000000000012e+00,1.282909999999999995e+00,1.051230000000000109e+00,1.158639999999999892e+00,1.196420000000000039e+00,1.236669999999999936e+00,1.280219999999999914e+00,1.326149999999999940e+00,1.376009999999999955e+00,1.428420000000000023e+00,1.483460000000000001e+00,1.539430000000000076e+00,1.599320000000000075e+00,1.661259999999999959e+00,1.679140000000000077e+00,2.061659999999999826e+00,2.004340000000000011e+00,1.931489999999999929e+00,1.851750000000000007e+00,1.829520000000000035e+00,1.803690000000000015e+00,1.805690000000000017e+00,1.789260000000000073e+00,1.931380000000000097e+00,1.992480000000000029e+00,2.163159999999999972e+00,2.220800000000000107e+00,2.285019999999999829e+00,2.258560000000000123e+00,2.231970000000000010e+00,2.189130000000000020e+00,2.148690000000000211e+00,2.111120000000000108e+00,2.075839999999999907e+00,2.039800000000000058e+00,2.006060000000000176e+00,1.968380000000000019e+00,1.934569999999999901e+00,1.906800000000000050e+00,1.884309999999999929e+00,1.775090000000000057e+00,1.941780000000000062e+00,2.084680000000000089e+00,2.761649999999999938e+00,5.551960000000000228e+00,9.097960000000000491e+00,1.418634999999999913e+01,1.946381999999999834e+01,2.084387999999999863e+01,1.584212999999999916e+01,1.113583999999999996e+01,7.907350000000000101e+00,5.558799999999999741e+00,4.446530000000000094e+00,4.289450000000000429e+00,4.130169999999999675e+00,4.093939999999999912e+00,4.007640000000000313e+00,3.921949999999999825e+00,3.836570000000000036e+00,3.751129999999999853e+00,3.666970000000000063e+00,3.583019999999999872e+00,3.500049999999999883e+00,3.417660000000000142e+00,3.336460000000000203e+00,3.255209999999999937e+00,3.168670000000000098e+00,3.083169999999999966e+00,3.014180000000000081e+00,2.938109999999999999e+00,2.864300000000000068e+00,2.790099999999999802e+00,2.717089999999999783e+00,2.644210000000000171e+00,2.572259999999999991e+00,2.501180000000000181e+00,2.426180000000000003e+00,2.348360000000000003e+00,2.292569999999999997e+00,2.238620000000000054e+00,2.175699999999999967e+00,2.114549999999999930e+00,2.056220000000000159e+00,1.999889999999999946e+00,1.900789999999999980e+00,1.895399999999999974e+00,1.854279999999999928e+00,1.814670000000000005e+00,1.772720000000000073e+00,1.732269999999999976e+00,1.679969999999999963e+00,1.632700000000000040e+00,1.579450000000000021e+00,1.565800000000000081e+00,1.528810000000000002e+00,1.494699999999999918e+00,1.422129999999999894e+00,1.413629999999999942e+00,1.381350000000000078e+00,1.352070000000000105e+00,1.328610000000000069e+00,1.308470000000000022e+00,1.256410000000000027e+00,1.278599999999999959e+00,1.266529999999999934e+00,1.257770000000000055e+00,1.255039999999999933e+00,1.255759999999999987e+00,1.258340000000000014e+00,1.264569999999999972e+00,1.274480000000000057e+00,1.287919999999999954e+00,1.304140000000000077e+00,1.323809999999999931e+00,1.349180000000000046e+00,1.374279999999999946e+00,1.405920000000000059e+00,1.438970000000000082e+00,1.475149999999999961e+00,1.514310000000000045e+00,1.557190000000000074e+00,1.601359999999999895e+00,1.635780000000000012e+00,1.673249999999999904e+00,1.710080000000000044e+00,1.755390000000000006e+00,1.801609999999999934e+00,1.850470000000000059e+00,1.845099999999999962e+00,1.841169999999999973e+00,1.834940000000000015e+00,1.868069999999999897e+00,1.870100000000000096e+00,1.880910000000000082e+00,1.881269999999999998e+00,1.889550000000000063e+00,1.905909999999999993e+00,1.921110000000000095e+00,1.934830000000000050e+00,1.955540000000000056e+00,1.970210000000000017e+00,1.988269999999999982e+00,2.002909999999999968e+00,2.021119999999999806e+00,2.028779999999999806e+00,2.041059999999999874e+00,2.054539999999999811e+00,2.072459999999999969e+00,2.086269999999999847e+00,2.101300000000000168e+00,2.095979999999999954e+00,2.094180000000000152e+00,2.063439999999999941e+00,2.041539999999999910e+00,2.028910000000000213e+00,2.024490000000000123e+00,2.017160000000000064e+00,2.049300000000000122e+00,2.049220000000000041e+00,2.053220000000000045e+00,2.023550000000000182e+00,1.997570000000000068e+00,1.972769999999999913e+00,1.951780000000000070e+00,1.939300000000000024e+00,1.927529999999999966e+00,1.921340000000000048e+00,1.917580000000000062e+00,1.913880000000000026e+00,1.913070000000000048e+00,1.903810000000000002e+00,1.901119999999999921e+00,1.906639999999999890e+00,1.918539999999999912e+00,1.934790000000000010e+00,1.954530000000000101e+00,1.987139999999999906e+00,2.023810000000000109e+00,2.033570000000000100e+00,2.194729999999999848e+00,2.204769999999999897e+00,2.206360000000000099e+00,2.186370000000000147e+00,2.170319999999999805e+00,2.108119999999999994e+00,2.115880000000000205e+00,2.096159999999999801e+00,2.085080000000000044e+00,2.076039999999999885e+00,2.069409999999999972e+00,2.086570000000000036e+00,2.488109999999999822e+00,3.320479999999999876e+00,6.196089999999999876e+00,9.968299999999999272e+00,1.438265999999999956e+01,1.918700000000000117e+01,1.327045999999999992e+01,7.881590000000000096e+00,4.934590000000000032e+00,2.979350000000000165e+00,2.370309999999999917e+00,2.379869999999999930e+00,2.349229999999999929e+00,2.323539999999999939e+00,2.281489999999999796e+00,2.242789999999999839e+00,2.140569999999999862e+00,2.083089999999999886e+00,2.044900000000000162e+00,2.030749999999999833e+00,1.936109999999999998e+00,2.020700000000000163e+00,2.008469999999999978e+00,2.000589999999999868e+00,1.983100000000000085e+00,1.968529999999999891e+00,1.956769999999999898e+00,1.948930000000000051e+00,1.943999999999999950e+00,1.942059999999999897e+00,1.935789999999999900e+00,1.932010000000000005e+00,1.930600000000000094e+00,1.931689999999999907e+00,1.927729999999999944e+00,1.926609999999999934e+00,1.929470000000000018e+00,1.933300000000000018e+00,1.941130000000000022e+00,1.949810000000000043e+00,1.962229999999999919e+00,1.976369999999999960e+00,1.974630000000000107e+00,1.975910000000000055e+00,1.913999999999999924e+00,1.899899999999999922e+00,1.875820000000000043e+00,2.035200000000000120e+00,2.046910000000000007e+00,2.064799999999999969e+00,2.080429999999999779e+00,2.098829999999999973e+00,2.103050000000000086e+00,2.110310000000000130e+00,2.094069999999999876e+00,2.083110000000000017e+00,2.061939999999999884e+00,2.041619999999999990e+00,2.014269999999999783e+00,1.989509999999999890e+00,1.968059999999999921e+00,1.949130000000000029e+00,1.930760000000000032e+00,1.915669999999999984e+00,1.898419999999999996e+00,1.884619999999999962e+00,1.872640000000000082e+00,1.864230000000000054e+00,1.858929999999999971e+00,1.856610000000000094e+00,1.857329999999999925e+00,1.861089999999999911e+00,1.867299999999999960e+00,1.877050000000000107e+00,1.815809999999999924e+00,1.760159999999999947e+00,1.694660000000000055e+00,1.633240000000000025e+00,1.570060000000000011e+00,1.509649999999999936e+00,1.451389999999999958e+00,1.396190000000000042e+00,1.346589999999999954e+00,1.300480000000000080e+00,1.256289999999999907e+00,1.215659999999999963e+00,1.179650000000000087e+00,1.145860000000000101e+00,1.118309999999999915e+00,1.093750000000000000e+00,1.074219999999999953e+00,1.058119999999999949e+00,9.981100000000000527e-01,1.062899999999999956e+00,1.053609999999999935e+00,1.323579999999999979e+00,1.363510000000000000e+00,1.405399999999999983e+00,1.436399999999999899e+00,1.470550000000000024e+00,1.506040000000000045e+00,1.540380000000000082e+00,1.576859999999999928e+00,1.615629999999999900e+00,1.658020000000000049e+00,1.702949999999999964e+00,1.750089999999999923e+00,1.799619999999999997e+00,1.853129999999999944e+00,1.908090000000000064e+00,1.965289999999999981e+00,2.022920000000000051e+00,2.084509999999999863e+00,2.147949999999999804e+00,2.212559999999999860e+00,2.278700000000000170e+00,2.347090000000000121e+00,2.416790000000000216e+00,2.488719999999999821e+00,2.559639999999999915e+00,2.634450000000000180e+00,2.710580000000000211e+00,2.786680000000000046e+00,2.863869999999999916e+00,2.942680000000000184e+00,3.022100000000000009e+00,3.102910000000000057e+00,3.183240000000000069e+00,3.582840000000000025e+00,5.008939999999999948e+00,8.187640000000000029e+00,1.212798000000000087e+01,1.292812999999999946e+01,8.419560000000000599e+00,4.682879999999999932e+00,3.345079999999999831e+00,2.746300000000000185e+00,2.696159999999999890e+00,2.670389999999999819e+00,2.262770000000000170e+00,2.282300000000000217e+00,2.020300000000000207e+00,1.905399999999999983e+00,1.912109999999999976e+00,1.959600000000000009e+00,1.998769999999999936e+00,2.043919999999999959e+00,2.079419999999999824e+00,2.116169999999999884e+00,2.111540000000000195e+00,2.111740000000000173e+00,2.111499999999999932e+00,2.116249999999999964e+00,2.115050000000000097e+00,2.117680000000000007e+00,2.109140000000000015e+00,2.104309999999999903e+00,2.103250000000000064e+00,2.105510000000000215e+00,2.113519999999999843e+00,2.122879999999999878e+00,2.139110000000000067e+00,2.158430000000000071e+00,2.152120000000000033e+00,2.146619999999999973e+00,2.134520000000000195e+00,2.123439999999999994e+00,2.108960000000000168e+00,2.094510000000000094e+00,2.075759999999999827e+00,2.056880000000000042e+00,2.035740000000000105e+00,2.014069999999999805e+00,1.975049999999999972e+00,1.937990000000000101e+00,1.903380000000000072e+00,1.869390000000000107e+00,1.842219999999999969e+00,1.816999999999999948e+00,1.790969999999999951e+00,1.767539999999999889e+00,1.737679999999999891e+00,1.710930000000000062e+00,1.679210000000000091e+00,1.651999999999999913e+00,1.629280000000000062e+00,1.611250000000000071e+00,1.585499999999999909e+00,1.562559999999999949e+00,1.544780000000000042e+00,1.530929999999999902e+00,1.520799999999999930e+00,1.514720000000000066e+00,1.514040000000000052e+00,1.515770000000000062e+00,1.523039999999999949e+00,1.533989999999999965e+00,1.547330000000000094e+00,1.564230000000000009e+00,1.587250000000000050e+00,1.610649999999999915e+00,1.632020000000000026e+00,1.675890000000000102e+00,1.721740000000000048e+00,1.771479999999999944e+00,1.821180000000000021e+00,1.869289999999999896e+00,1.922530000000000072e+00,1.974879999999999969e+00,2.030740000000000212e+00,2.088480000000000114e+00,2.148620000000000196e+00,2.209490000000000176e+00,2.266729999999999912e+00,2.336990000000000123e+00,2.405530000000000168e+00,2.475540000000000074e+00,2.610899999999999999e+00,2.991039999999999921e+00,4.692870000000000097e+00,7.643989999999999618e+00,1.267722999999999978e+01,1.820717000000000141e+01,2.192244000000000170e+01,1.681074999999999875e+01,1.165521000000000029e+01,8.264810000000000656e+00,5.198690000000000033e+00,3.077820000000000000e+00,2.820679999999999854e+00,2.787220000000000031e+00,2.755110000000000170e+00,2.711390000000000189e+00,2.665810000000000013e+00,2.601140000000000008e+00,2.539070000000000160e+00,2.481689999999999952e+00,2.426010000000000222e+00,2.374950000000000117e+00,2.327339999999999964e+00,2.283440000000000136e+00,2.243660000000000210e+00,2.208410000000000206e+00,2.177560000000000162e+00,2.151839999999999975e+00,2.130160000000000053e+00,2.112810000000000077e+00,2.099470000000000169e+00,2.084820000000000118e+00,2.074009999999999909e+00,2.068880000000000052e+00,2.065850000000000186e+00,2.067940000000000111e+00,2.074050000000000171e+00,2.074539999999999829e+00,2.077939999999999898e+00,2.079000000000000181e+00,2.081150000000000055e+00,2.053080000000000016e+00,2.028059999999999974e+00,1.978660000000000085e+00,1.935789999999999900e+00,1.830619999999999914e+00,1.996259999999999923e+00,2.001529999999999809e+00,2.004890000000000061e+00,2.004640000000000200e+00,2.012620000000000076e+00,2.027309999999999945e+00,2.049430000000000085e+00,2.059790000000000010e+00,2.079750000000000210e+00,2.070549999999999891e+00,2.070199999999999818e+00,2.034940000000000193e+00,2.025659999999999794e+00,2.019369999999999887e+00,2.023699999999999832e+00,2.035460000000000047e+00,2.057040000000000202e+00,2.085589999999999833e+00,2.122599999999999820e+00,2.117539999999999978e+00,2.115299999999999958e+00,2.113770000000000149e+00,2.114850000000000119e+00,2.110970000000000013e+00,2.109529999999999905e+00,2.091159999999999908e+00,2.074539999999999829e+00,2.040519999999999889e+00,2.010460000000000136e+00,1.979680000000000106e+00,1.954960000000000031e+00,1.935480000000000089e+00,1.922690000000000010e+00,1.908910000000000107e+00,1.895960000000000090e+00,1.884220000000000006e+00,1.877969999999999917e+00,1.874419999999999975e+00,1.873930000000000096e+00,1.868789999999999951e+00,1.864840000000000053e+00,1.863499999999999934e+00,1.865769999999999929e+00,1.870819999999999927e+00,1.879399999999999959e+00,1.889790000000000081e+00,1.903650000000000064e+00,1.914940000000000087e+00,1.930320000000000036e+00,1.947929999999999939e+00,1.968949999999999978e+00,1.992909999999999959e+00,2.020259999999999945e+00,2.041560000000000041e+00,2.063880000000000159e+00,2.086479999999999890e+00,2.111310000000000020e+00,2.139580000000000037e+00,2.169570000000000221e+00,2.206199999999999939e+00,2.242760000000000087e+00,2.283129999999999882e+00,2.324079999999999924e+00,2.368819999999999926e+00,2.415210000000000079e+00,2.464020000000000099e+00,2.514720000000000066e+00,2.567779999999999951e+00,2.622799999999999798e+00,2.678739999999999899e+00,2.736200000000000188e+00,2.797359999999999847e+00,2.860189999999999788e+00,2.910800000000000054e+00,2.986509999999999998e+00,3.058059999999999778e+00,3.131110000000000060e+00,3.585749999999999993e+00,5.775100000000000122e+00,9.701739999999999142e+00,1.406273999999999980e+01,1.341351000000000049e+01,1.004568000000000083e+01,7.076740000000000030e+00,4.631020000000000358e+00,2.845200000000000173e+00,2.548849999999999838e+00,2.511120000000000019e+00,2.477310000000000123e+00,2.449759999999999938e+00,2.428259999999999863e+00,2.415309999999999846e+00,2.394709999999999894e+00,2.367119999999999891e+00,2.342490000000000183e+00,2.318220000000000169e+00,2.292229999999999990e+00,2.269550000000000178e+00,2.250189999999999912e+00,2.234259999999999913e+00,2.221569999999999823e+00,2.212479999999999780e+00,2.203440000000000065e+00,2.197330000000000005e+00,2.179549999999999876e+00,2.165109999999999868e+00,2.150799999999999823e+00,2.139339999999999797e+00,2.126879999999999882e+00,2.116159999999999819e+00,2.108119999999999994e+00,2.101669999999999927e+00,2.094380000000000130e+00,2.089230000000000143e+00,2.080630000000000202e+00,2.076090000000000213e+00,2.059039999999999981e+00,2.044369999999999798e+00,2.029110000000000191e+00,2.016070000000000029e+00,2.005259999999999820e+00,1.996699999999999919e+00,1.991160000000000041e+00,1.988099999999999978e+00,1.985349999999999948e+00,1.983680000000000110e+00,1.980900000000000105e+00,1.980860000000000065e+00,1.966699999999999893e+00,1.951680000000000081e+00,1.940720000000000001e+00,1.932539999999999925e+00,1.926679999999999948e+00,1.922960000000000003e+00,1.889890000000000070e+00,1.888230000000000075e+00,1.902269999999999905e+00,1.937699999999999978e+00,1.950120000000000076e+00,1.963940000000000019e+00,1.976450000000000040e+00,1.991340000000000110e+00,2.009419999999999984e+00,2.024070000000000036e+00,2.011480000000000157e+00,2.001180000000000181e+00,1.979409999999999892e+00,1.961060000000000025e+00,1.944309999999999983e+00,1.931950000000000056e+00,1.921280000000000099e+00,1.914309999999999956e+00,1.914979999999999905e+00,1.916949999999999932e+00,1.910809999999999897e+00,1.905850000000000044e+00,1.890190000000000037e+00,1.878670000000000062e+00,1.863359999999999905e+00,1.852710000000000079e+00,1.810210000000000097e+00,1.775660000000000016e+00,1.749600000000000044e+00,1.731379999999999919e+00,1.702250000000000041e+00,1.676479999999999970e+00,1.632989999999999942e+00,1.592340000000000089e+00,1.539109999999999978e+00,1.489829999999999988e+00,1.442809999999999926e+00,1.399990000000000068e+00,1.363089999999999913e+00,1.330510000000000081e+00,1.304419999999999913e+00,1.282659999999999911e+00,1.264070000000000027e+00,1.250650000000000039e+00,1.243000000000000105e+00,1.240259999999999918e+00,1.243039999999999923e+00,1.249980000000000091e+00,1.262250000000000094e+00,1.278440000000000021e+00,1.300910000000000011e+00,1.326959999999999917e+00,1.359509999999999996e+00,1.396039999999999948e+00,1.429650000000000087e+00,1.466609999999999969e+00,1.501519999999999966e+00,1.536820000000000075e+00,1.376810000000000089e+00,1.734939999999999927e+00,1.791420000000000012e+00,2.137439999999999785e+00,3.641519999999999868e+00,6.044170000000000265e+00,9.807130000000000791e+00,1.374674000000000085e+01,1.471923999999999921e+01,9.957090000000000884e+00,6.318019999999999747e+00,4.712390000000000079e+00,4.025089999999999613e+00,3.917320000000000135e+00,3.868910000000000071e+00,3.793149999999999800e+00,3.716390000000000082e+00,3.643260000000000165e+00,3.569129999999999914e+00,3.499760000000000204e+00,3.431430000000000202e+00,3.320479999999999876e+00,3.281289999999999818e+00,3.215930000000000177e+00,3.151590000000000114e+00,3.088529999999999998e+00,3.026800000000000157e+00,2.967410000000000103e+00,2.909409999999999830e+00,2.851939999999999920e+00,2.795929999999999804e+00,2.742739999999999956e+00,2.690970000000000084e+00,2.640820000000000167e+00,2.592080000000000162e+00,2.545049999999999812e+00,2.499810000000000088e+00,2.457660000000000178e+00,2.416949999999999932e+00,2.377819999999999823e+00,2.340520000000000156e+00,2.305449999999999999e+00,2.272050000000000125e+00,2.244040000000000035e+00,2.217579999999999885e+00,2.192680000000000184e+00,2.169490000000000141e+00,2.149090000000000167e+00,2.131200000000000205e+00,2.116099999999999870e+00,2.103340000000000209e+00,2.093589999999999840e+00,2.086240000000000094e+00,2.081249999999999822e+00,2.077129999999999921e+00,2.072979999999999823e+00,2.069469999999999921e+00,2.067089999999999872e+00,2.067159999999999886e+00,2.071330000000000116e+00,2.077319999999999833e+00,2.085609999999999964e+00,2.095680000000000209e+00,2.091509999999999980e+00,2.090320000000000178e+00,2.050870000000000193e+00,2.014629999999999921e+00,1.981719999999999926e+00,1.951640000000000041e+00,1.920530000000000070e+00,1.892400000000000082e+00,1.866579999999999906e+00,1.842889999999999917e+00,1.819849999999999968e+00,1.800200000000000022e+00,1.784909999999999997e+00,1.771749999999999936e+00,1.763169999999999904e+00,1.758180000000000076e+00,1.756000000000000005e+00,1.757479999999999931e+00,1.761079999999999979e+00,1.768280000000000074e+00,1.780699999999999950e+00,1.796669999999999989e+00,1.808040000000000092e+00,1.819620000000000015e+00,1.824279999999999902e+00,1.831779999999999964e+00,1.835180000000000033e+00,1.838009999999999922e+00,1.745710000000000095e+00,1.772299999999999986e+00,1.749970000000000026e+00,1.863159999999999927e+00,1.876630000000000020e+00,1.891769999999999952e+00,1.890749999999999931e+00,1.892949999999999910e+00,1.885240000000000027e+00,1.881269999999999998e+00,1.885089999999999932e+00,1.893019999999999925e+00,1.899939999999999962e+00,1.893089999999999939e+00,1.894400000000000084e+00,1.898169999999999913e+00,1.905189999999999939e+00,1.917079999999999895e+00,1.913410000000000055e+00,1.913640000000000008e+00,1.868309999999999915e+00,1.822380000000000111e+00,1.769430000000000058e+00,1.718690000000000051e+00,1.670670000000000099e+00,1.625180000000000069e+00,1.583399999999999919e+00,1.544510000000000050e+00,1.507570000000000077e+00,1.473570000000000046e+00,1.433869999999999978e+00,1.396160000000000068e+00,1.358510000000000106e+00,1.322279999999999900e+00,1.277400000000000091e+00,1.235419999999999963e+00,1.196059999999999901e+00,1.159820000000000073e+00,1.130500000000000060e+00,1.102829999999999977e+00,1.075819999999999999e+00,1.053260000000000085e+00,1.041080000000000005e+00,1.031949999999999923e+00,1.023970000000000047e+00,1.020019999999999927e+00,6.734200000000000186e-01,1.248170000000000002e+00,1.308419999999999916e+00,1.371850000000000014e+00,1.439279999999999893e+00,1.509560000000000013e+00,1.777199999999999891e+00,3.039919999999999956e+00,7.682339999999999947e+00,1.292423999999999928e+01,2.009615000000000151e+01,1.476421000000000028e+01,9.523250000000000881e+00,4.532130000000000436e+00,1.051199999999999912e+00,6.817299999999999471e-01,6.201499999999999790e-01,2.761999999999999872e-02,4.390899999999999803e-01,5.001499999999999835e-01,5.643099999999999783e-01,6.212400000000000144e-01,6.821500000000000341e-01,7.471400000000000263e-01,8.150399999999999867e-01,8.849500000000000144e-01,9.576400000000000468e-01,1.034329999999999972e+00,1.113120000000000109e+00,1.169140000000000068e+00,1.226369999999999960e+00,1.276520000000000099e+00,1.333150000000000057e+00,1.380130000000000079e+00,1.431059999999999999e+00,1.483619999999999939e+00,1.539590000000000014e+00,1.594410000000000105e+00,1.651159999999999961e+00,1.702879999999999949e+00,1.758380000000000054e+00,1.757530000000000037e+00,1.759900000000000020e+00,1.746450000000000058e+00,1.739039999999999919e+00,1.737900000000000000e+00,1.744680000000000009e+00,1.756790000000000074e+00,1.775150000000000006e+00,1.782909999999999995e+00,1.800010000000000110e+00,1.817539999999999933e+00,1.845520000000000049e+00,1.863809999999999967e+00,1.884630000000000027e+00,1.883990000000000054e+00,1.887049999999999894e+00,1.893659999999999899e+00,1.904090000000000060e+00,1.910409999999999942e+00,1.920279999999999987e+00,1.938479999999999981e+00,1.959770000000000012e+00,1.970790000000000042e+00,1.981940000000000035e+00,1.979219999999999979e+00,1.978110000000000035e+00,1.977020000000000000e+00,1.979190000000000005e+00,1.984590000000000076e+00,1.992089999999999916e+00,2.003390000000000004e+00,2.017619999999999969e+00,2.032000000000000028e+00,2.047719999999999985e+00,2.064760000000000151e+00,2.083200000000000163e+00,2.081980000000000164e+00,2.081910000000000149e+00,2.044939999999999980e+00,2.014349999999999863e+00,1.977959999999999940e+00,1.947559999999999958e+00,1.897189999999999932e+00,1.852309999999999901e+00,1.813280000000000003e+00,1.778559999999999919e+00,1.751069999999999904e+00,1.729419999999999957e+00,1.693300000000000027e+00,1.709000000000000075e+00,1.666600000000000081e+00,1.628519999999999968e+00,1.451920000000000099e+00,1.712369999999999948e+00,3.758360000000000145e+00,7.719050000000000189e+00,1.216779999999999973e+01,1.669454999999999956e+01,1.553392999999999979e+01,1.002511999999999937e+01,5.162110000000000198e+00,3.178069999999999951e+00,2.405289999999999928e+00,2.360230000000000050e+00,2.322909999999999808e+00,2.288759999999999906e+00,2.262869999999999937e+00,2.193610000000000060e+00,2.162500000000000089e+00,2.168639999999999901e+00,2.221670000000000034e+00,2.223050000000000193e+00,2.226630000000000109e+00,2.233490000000000197e+00,2.243739999999999846e+00,2.239619999999999944e+00,2.237340000000000106e+00,2.224099999999999966e+00,2.215939999999999799e+00,2.199310000000000098e+00,2.186129999999999907e+00,2.162199999999999900e+00,2.141000000000000014e+00,2.124849999999999905e+00,2.111580000000000013e+00,2.097679999999999989e+00,2.087540000000000173e+00,2.063889999999999780e+00,2.044909999999999783e+00,2.029349999999999987e+00,2.018260000000000165e+00,2.013599999999999834e+00,2.012890000000000068e+00,1.990210000000000035e+00,1.973819999999999908e+00,1.920299999999999896e+00,1.874339999999999895e+00,1.826750000000000096e+00,1.795619999999999994e+00,1.743810000000000082e+00,1.695710000000000051e+00,1.650209999999999955e+00,1.608659999999999979e+00,1.556440000000000046e+00,1.507169999999999899e+00,1.438379999999999992e+00,1.371669999999999945e+00,1.306740000000000013e+00,1.243409999999999904e+00,1.183009999999999895e+00,1.125269999999999992e+00,1.019079999999999986e+00,1.177310000000000079e+00,1.286759999999999904e+00,1.798240000000000061e+00,2.802880000000000038e+00,4.945170000000000066e+00,1.010763999999999996e+01,1.566899000000000086e+01,1.303749000000000002e+01,7.862669999999999604e+00,3.277019999999999822e+00,7.478000000000000203e-01,1.612000000000000099e-01,1.469699999999999895e-01,1.406300000000000050e-01,1.265699999999999881e-01,1.203400000000000025e-01,1.202799999999999980e-01,1.280499999999999972e-01,1.440899999999999959e-01,1.678399999999999892e-01,1.938100000000000100e-01,2.258499999999999952e-01,2.430299999999999960e-01,2.665100000000000247e-01,2.355700000000000016e-01,3.653100000000000236e-01,4.051899999999999946e-01,4.491100000000000092e-01,4.975100000000000078e-01,5.491700000000000470e-01,6.051800000000000512e-01,6.643999999999999906e-01,7.256099999999999772e-01,7.880700000000000482e-01,8.447799999999999754e-01,9.051099999999999701e-01,9.649999999999999689e-01,1.028229999999999977e+00,1.097129999999999939e+00,1.168639999999999901e+00,1.240410000000000013e+00,1.313919999999999977e+00,1.390449999999999964e+00,1.468439999999999968e+00,1.548710000000000031e+00,1.628300000000000081e+00,1.711289999999999978e+00,1.795570000000000110e+00,1.851969999999999894e+00,1.909640000000000004e+00,1.911000000000000032e+00,1.914400000000000102e+00,1.881820000000000048e+00,1.892079999999999984e+00,1.903350000000000097e+00,1.913249999999999895e+00,1.920400000000000107e+00,1.925650000000000084e+00,1.937559999999999949e+00,1.952150000000000052e+00,1.967209999999999903e+00,1.984920000000000018e+00,1.996790000000000065e+00,2.011559999999999793e+00,2.027509999999999923e+00,2.046009999999999884e+00,2.047109999999999985e+00,2.050839999999999996e+00,2.034310000000000063e+00,2.023590000000000000e+00,2.016449999999999854e+00,2.014660000000000117e+00,2.017269999999999897e+00,2.024840000000000195e+00,2.024490000000000123e+00,2.028779999999999806e+00,2.020239999999999814e+00,2.016189999999999927e+00,2.018619999999999859e+00,2.006440000000000001e+00,1.992830000000000101e+00,1.993120000000000003e+00,1.991900000000000004e+00,2.010860000000000092e+00,2.001840000000000064e+00,1.996609999999999996e+00,1.981000000000000094e+00,1.967989999999999906e+00,1.939109999999999889e+00,1.914460000000000051e+00,1.893999999999999906e+00,1.877930000000000099e+00,1.870730000000000004e+00,1.868409999999999904e+00,1.865040000000000031e+00,1.867340000000000000e+00,1.858309999999999906e+00,1.856770000000000032e+00,1.802140000000000075e+00,1.745900000000000007e+00,1.692499999999999893e+00,1.642200000000000104e+00,1.595599999999999907e+00,1.551809999999999912e+00,1.485519999999999952e+00,1.421010000000000106e+00,1.360409999999999897e+00,1.300359999999999960e+00,1.243549999999999933e+00,1.189780000000000060e+00,1.139029999999999987e+00,1.091499999999999915e+00,5.035300000000000331e-01,1.973109999999999919e+00,3.853450000000000042e+00,7.603539999999999743e+00,1.193154999999999966e+01,1.649711999999999890e+01,1.898621999999999943e+01,1.352021000000000051e+01,8.549189999999999401e+00,4.797250000000000014e+00,2.084099999999999842e+00,1.880970000000000031e+00,1.918660000000000032e+00,1.922479999999999967e+00,1.933449999999999891e+00,1.942110000000000003e+00,1.954879999999999951e+00,1.951109999999999900e+00,1.949459999999999971e+00,1.949370000000000047e+00,1.951379999999999892e+00,1.959689999999999932e+00,1.968639999999999946e+00,1.980189999999999895e+00,1.994450000000000056e+00,2.011789999999999967e+00,2.031080000000000219e+00,2.040049999999999919e+00,2.053350000000000009e+00,2.038759999999999906e+00,2.027029999999999887e+00,2.020080000000000098e+00,2.015410000000000146e+00,1.824219999999999953e+00,1.719729999999999981e+00,1.595620000000000038e+00,1.672430000000000083e+00,1.728809999999999958e+00,1.786380000000000079e+00,1.836470000000000047e+00,1.888900000000000023e+00,1.921370000000000022e+00,1.961710000000000065e+00,2.028210000000000068e+00,2.095769999999999911e+00,2.145280000000000076e+00,2.196369999999999933e+00,2.194049999999999834e+00,2.188709999999999933e+00,2.125199999999999978e+00,2.071099999999999941e+00,2.026180000000000092e+00,1.990210000000000035e+00,1.718350000000000044e+00,1.835129999999999928e+00,1.851669999999999927e+00,1.871380000000000043e+00,1.882039999999999935e+00,1.895590000000000108e+00,1.913280000000000092e+00,1.947869999999999990e+00,1.981340000000000101e+00,2.025659999999999794e+00,2.036259999999999959e+00,2.048309999999999853e+00,2.040669999999999984e+00,2.036309999999999842e+00,2.032179999999999875e+00,2.030679999999999819e+00,2.031219999999999803e+00,2.034590000000000121e+00,2.033520000000000216e+00,2.026320000000000121e+00,2.014949999999999797e+00,2.004440000000000222e+00,1.995940000000000047e+00,1.989870000000000028e+00,1.979219999999999979e+00,1.969549999999999912e+00,1.960530000000000106e+00,1.954299999999999926e+00,1.950010000000000021e+00,1.946630000000000082e+00,1.905340000000000034e+00,1.868600000000000039e+00,1.802740000000000009e+00,1.739149999999999974e+00,1.680670000000000108e+00,1.625729999999999897e+00,1.564079999999999915e+00,1.504590000000000094e+00,1.435480000000000089e+00,1.368120000000000003e+00,1.302519999999999900e+00,1.238510000000000000e+00,1.176989999999999981e+00,1.117680000000000007e+00,1.061280000000000001e+00,1.007470000000000088e+00,9.563000000000000389e-01,9.075199999999999934e-01,8.618400000000000505e-01,8.191500000000000448e-01,7.799899999999999611e-01,7.443999999999999506e-01,7.143800000000000150e-01,6.871399999999999730e-01,6.636400000000000077e-01,6.434699999999999864e-01,6.292900000000000160e-01,6.180499999999999883e-01,6.130999999999999783e-01,6.092100000000000293e-01,6.129200000000000204e-01,6.204499999999999460e-01,6.316000000000000503e-01,6.471099999999999630e-01,6.679199999999999582e-01,6.910300000000000331e-01,7.197799999999999754e-01,7.523900000000000032e-01,7.474600000000000133e-01,8.344000000000000306e-01,1.104729999999999990e+00,2.523439999999999905e+00,3.555670000000000108e+00,5.569169999999999732e+00,9.709649999999999892e+00,1.432797000000000054e+01,1.467871000000000059e+01,9.662620000000000431e+00,5.402090000000000281e+00,2.922159999999999869e+00,2.453279999999999905e+00,2.406109999999999971e+00,2.360349999999999948e+00,2.315389999999999837e+00,2.273930000000000007e+00,2.235679999999999890e+00,2.201010000000000133e+00,2.164309999999999956e+00,2.133560000000000123e+00,2.117129999999999956e+00,2.103460000000000107e+00,2.089430000000000121e+00,2.078419999999999934e+00,2.071880000000000166e+00,2.070129999999999804e+00,2.058390000000000164e+00,2.050199999999999800e+00,2.051349999999999785e+00,2.053939999999999877e+00,2.056999999999999940e+00,2.061440000000000161e+00,2.072220000000000173e+00,2.082899999999999974e+00,2.084389999999999965e+00,2.095909999999999940e+00,2.079530000000000101e+00,2.066559999999999953e+00,2.052979999999999805e+00,2.044340000000000046e+00,2.040979999999999794e+00,2.041349999999999998e+00,2.041879999999999917e+00,2.045939999999999870e+00,2.046100000000000030e+00,2.051769999999999872e+00,2.055899999999999839e+00,2.067390000000000061e+00,2.074190000000000200e+00,2.084220000000000184e+00,2.085160000000000124e+00,2.089339999999999975e+00,2.096210000000000129e+00,2.106300000000000061e+00,2.112439999999999873e+00,2.121519999999999850e+00,2.113929999999999865e+00,2.108309999999999906e+00,2.092309999999999892e+00,2.077449999999999797e+00,2.056020000000000181e+00,2.038390000000000146e+00,2.023120000000000029e+00,2.011319999999999997e+00,2.000140000000000029e+00,1.992459999999999898e+00,1.980080000000000062e+00,1.971440000000000081e+00,1.944620000000000015e+00,1.920309999999999961e+00,1.853760000000000074e+00,1.789930000000000021e+00,1.725899999999999990e+00,1.664250000000000007e+00,1.603010000000000046e+00,1.544370000000000021e+00,1.489309999999999912e+00,1.436770000000000103e+00,1.375590000000000090e+00,1.351839999999999931e+00,1.317339999999999955e+00,1.287579999999999947e+00,1.250089999999999923e+00,1.216180000000000039e+00,1.181289999999999951e+00,1.150859999999999994e+00,1.125450000000000061e+00,1.104780000000000095e+00,1.079380000000000006e+00,1.056249999999999911e+00,1.033260000000000067e+00,1.013460000000000027e+00,9.982999999999999652e-01,9.865899999999999670e-01,9.798900000000000388e-01,9.769200000000000106e-01,9.770400000000000196e-01,9.809099999999999486e-01,9.918599999999999639e-01,1.002059999999999951e+00,1.019549999999999956e+00,1.039570000000000105e+00,1.062410000000000077e+00,1.088899999999999979e+00,1.038720000000000088e+00,1.169880000000000031e+00,1.205340000000000078e+00,1.243800000000000017e+00,1.284280000000000088e+00,1.327339999999999964e+00,1.376020000000000021e+00,1.427300000000000013e+00,1.470779999999999976e+00,1.516950000000000021e+00,1.567720000000000002e+00,1.619599999999999929e+00,1.674460000000000059e+00,1.730229999999999935e+00,1.779619999999999980e+00,1.831180000000000030e+00,1.901550000000000074e+00,1.974259999999999904e+00,2.019299999999999873e+00,2.109430000000000138e+00,2.172709999999999919e+00,2.235640000000000072e+00,2.288660000000000139e+00,2.353699999999999903e+00,2.422829999999999817e+00,2.494679999999999787e+00,2.561869999999999870e+00,2.629989999999999828e+00,2.699609999999999843e+00,2.769350000000000200e+00,2.837940000000000129e+00,2.907659999999999911e+00,2.977370000000000072e+00,3.048340000000000050e+00,3.121140000000000025e+00,3.195030000000000037e+00,3.179279999999999884e+00,3.423029999999999795e+00,3.509329999999999838e+00,3.596220000000000194e+00,3.683149999999999924e+00,3.770630000000000148e+00,3.859269999999999978e+00,3.947459999999999969e+00,3.977869999999999795e+00,4.603379999999999583e+00,7.127150000000000318e+00,1.078048000000000073e+01,1.537557999999999936e+01,2.032453999999999894e+01,1.428977000000000075e+01,9.878470000000000084e+00,6.128199999999999648e+00,3.243209999999999926e+00,2.265839999999999854e+00,2.209690000000000154e+00,2.161669999999999980e+00,2.120200000000000085e+00,2.086090000000000000e+00,1.902390000000000025e+00,2.093859999999999832e+00,2.106320000000000192e+00,2.119679999999999787e+00,2.113900000000000112e+00,2.121780000000000221e+00,2.117340000000000000e+00,2.116299999999999848e+00,1.956350000000000033e+00,1.985910000000000064e+00,1.981109999999999927e+00,1.983330000000000037e+00,1.986150000000000082e+00,1.994809999999999972e+00,2.010009999999999852e+00,2.030749999999999833e+00,2.058559999999999945e+00,2.092119999999999980e+00,2.117539999999999978e+00,2.145399999999999974e+00,2.119019999999999904e+00,2.096890000000000143e+00,2.084319999999999951e+00,2.079330000000000123e+00,2.085129999999999928e+00,2.097799999999999887e+00,2.113339999999999996e+00,2.136050000000000004e+00,2.158959999999999990e+00,2.195679999999999854e+00,2.204569999999999919e+00,2.204819999999999780e+00,2.179640000000000022e+00,2.153979999999999784e+00,2.134269999999999889e+00,2.116810000000000080e+00,2.100800000000000001e+00,2.087899999999999867e+00,2.067210000000000214e+00,2.050819999999999865e+00,2.039540000000000131e+00,2.032900000000000151e+00,2.026370000000000005e+00,2.022510000000000030e+00,2.017339999999999911e+00,2.015120000000000022e+00,1.999160000000000048e+00,1.984110000000000040e+00,1.956739999999999924e+00,1.931810000000000027e+00,1.862689999999999957e+00,1.798419999999999908e+00,1.738469999999999960e+00,1.683280000000000109e+00,1.627950000000000008e+00,1.576149999999999940e+00,1.525419999999999998e+00,1.479279999999999928e+00,1.434809999999999919e+00,1.394109999999999960e+00,1.358549999999999924e+00,1.326710000000000056e+00,1.294960000000000111e+00,1.265600000000000058e+00,1.247139999999999915e+00,1.231689999999999952e+00,1.200169999999999959e+00,1.172779999999999934e+00,1.150279999999999969e+00,1.131969999999999921e+00,1.119059999999999944e+00,1.107299999999999951e+00,1.105939999999999923e+00,1.104649999999999910e+00,1.108649999999999913e+00,1.117169999999999996e+00,1.088969999999999994e+00,1.189880000000000049e+00,1.212790000000000035e+00,1.235549999999999926e+00,1.264320000000000110e+00,1.295989999999999975e+00,1.323520000000000030e+00,1.354289999999999994e+00,1.384220000000000006e+00,1.417399999999999993e+00,1.460159999999999902e+00,1.502650000000000041e+00,1.546859999999999902e+00,1.593939999999999912e+00,1.633010000000000073e+00,1.674730000000000052e+00,1.717240000000000100e+00,1.761540000000000106e+00,1.808049999999999935e+00,1.856849999999999890e+00,1.906609999999999916e+00,1.958479999999999999e+00,2.012430000000000163e+00,2.067860000000000031e+00,2.130300000000000082e+00,2.194399999999999906e+00,2.257519999999999971e+00,2.322179999999999911e+00,2.383999999999999897e+00,2.447319999999999940e+00,2.520779999999999799e+00,2.595489999999999853e+00,2.668060000000000098e+00,2.741610000000000102e+00,2.816149999999999931e+00,2.891849999999999810e+00,2.968210000000000015e+00,3.045539999999999914e+00,3.124579999999999913e+00,3.204309999999999992e+00,3.254399999999999959e+00,3.377619999999999845e+00,3.457749999999999879e+00,3.538780000000000037e+00,3.631009999999999849e+00,3.723609999999999864e+00,3.811199999999999921e+00,3.899309999999999832e+00,3.983900000000000219e+00,4.069169999999999732e+00,4.161940000000000417e+00,4.255309999999999704e+00,4.346680000000000099e+00,4.438399999999999679e+00,4.529560000000000031e+00,4.621069999999999567e+00,4.630569999999999631e+00,5.009079999999999977e+00,6.621959999999999624e+00,9.262059999999999960e+00,1.307470999999999961e+01,1.722969000000000150e+01,1.493551000000000073e+01,1.056479999999999997e+01,6.949709999999999610e+00,4.676300000000000345e+00,3.126219999999999999e+00,2.041799999999999837e+00,2.048259999999999970e+00,2.040739999999999998e+00,2.038110000000000088e+00,2.034740000000000215e+00,2.034539999999999793e+00,2.037040000000000184e+00,2.043390000000000040e+00,2.053700000000000081e+00,2.066959999999999908e+00,2.083130000000000148e+00,2.105949999999999989e+00,2.131479999999999819e+00,2.160860000000000003e+00,2.166690000000000005e+00,2.169929999999999914e+00,2.158290000000000042e+00,2.148519999999999985e+00,2.127419999999999867e+00,2.111610000000000209e+00,2.040490000000000137e+00,1.993509999999999893e+00,1.951950000000000074e+00,1.919869999999999965e+00,1.897590000000000110e+00,1.878540000000000099e+00,1.861529999999999907e+00,1.849699999999999900e+00,1.837150000000000061e+00,1.828650000000000109e+00,1.826379999999999892e+00,1.829429999999999890e+00,1.837380000000000013e+00,1.849669999999999925e+00,1.867169999999999996e+00,1.889629999999999921e+00,1.908709999999999907e+00,1.931619999999999893e+00,1.956919999999999993e+00,1.984480000000000022e+00,1.990510000000000002e+00,1.998839999999999950e+00,1.957019999999999982e+00,1.929820000000000091e+00,1.913780000000000037e+00,1.913620000000000099e+00,1.921119999999999939e+00,1.940860000000000030e+00,1.935650000000000093e+00,1.933300000000000018e+00,1.934350000000000014e+00,1.937550000000000106e+00,1.940970000000000084e+00,1.947599999999999998e+00,1.919610000000000039e+00,1.922560000000000047e+00,1.891520000000000090e+00,1.863240000000000007e+00,1.838640000000000052e+00,1.815379999999999994e+00,1.797909999999999897e+00,1.780929999999999902e+00,1.766880000000000006e+00,1.756750000000000034e+00,1.753440000000000110e+00,1.750939999999999941e+00,1.753440000000000110e+00,1.758960000000000079e+00,1.730220000000000091e+00,1.704329999999999901e+00,1.679370000000000029e+00,1.658400000000000096e+00,1.625639999999999974e+00,1.594019999999999992e+00,1.568610000000000060e+00,1.557879999999999932e+00,1.509819999999999940e+00,1.463859999999999939e+00,1.417980000000000018e+00,1.375739999999999963e+00,1.338689999999999936e+00,1.300950000000000051e+00,1.255339999999999900e+00,1.212080000000000046e+00,1.172770000000000090e+00,1.137219999999999898e+00,1.105709999999999971e+00,1.078240000000000087e+00,1.056650000000000089e+00,1.037830000000000030e+00,1.023940000000000072e+00,1.014270000000000005e+00,1.009339999999999904e+00,1.008650000000000047e+00,1.013400000000000079e+00,1.021309999999999940e+00,1.033670000000000089e+00,1.050510000000000055e+00,1.067160000000000108e+00,1.086810000000000054e+00,1.108919999999999906e+00,1.134940000000000060e+00,1.166369999999999907e+00,1.201140000000000096e+00,1.238080000000000069e+00,1.278329999999999966e+00,1.312189999999999968e+00,1.349140000000000006e+00,1.381269999999999998e+00,1.416600000000000081e+00,1.456399999999999917e+00,1.499260000000000037e+00,1.544389999999999930e+00,1.590729999999999977e+00,1.642740000000000089e+00,1.695699999999999985e+00,1.751880000000000104e+00,1.810429999999999984e+00,1.870659999999999989e+00,1.932700000000000085e+00,1.998010000000000064e+00,2.063889999999999780e+00,2.132309999999999928e+00,2.202449999999999797e+00,2.062660000000000160e+00,3.215170000000000083e+00,5.666409999999999947e+00,9.156010000000000204e+00,1.394018999999999942e+01,1.887647000000000119e+01,1.473047000000000040e+01,9.436389999999999390e+00,5.106729999999999769e+00,3.973259999999999792e+00,3.383300000000000196e+00,3.169249999999999901e+00,3.175800000000000178e+00,3.115219999999999878e+00,3.056090000000000195e+00,2.998009999999999842e+00,2.941570000000000018e+00,2.888599999999999834e+00,2.837590000000000057e+00,2.783770000000000078e+00,2.738789999999999836e+00,2.696410000000000196e+00,2.656449999999999978e+00,2.619679999999999787e+00,2.585690000000000044e+00,2.555309999999999970e+00,2.524989999999999846e+00,2.502279999999999838e+00,2.482680000000000220e+00,2.458629999999999871e+00,2.436040000000000205e+00,2.409240000000000048e+00,2.383669999999999956e+00,2.361569999999999947e+00,2.341930000000000067e+00,2.323770000000000113e+00,2.308089999999999975e+00,2.298070000000000057e+00,2.290459999999999940e+00,2.283459999999999823e+00,2.278880000000000017e+00,2.277400000000000091e+00,2.278160000000000185e+00,2.275840000000000085e+00,2.276009999999999867e+00,2.280510000000000037e+00,2.287269999999999914e+00,2.296310000000000073e+00,2.308079999999999909e+00,2.300219999999999931e+00,2.286500000000000199e+00,2.259889999999999954e+00,2.235869999999999802e+00,2.215549999999999908e+00,2.195959999999999912e+00,2.177340000000000053e+00,2.159260000000000179e+00,2.144530000000000047e+00,2.132350000000000190e+00,2.123530000000000140e+00,2.117230000000000167e+00,2.105640000000000178e+00,2.116979999999999862e+00,2.121410000000000018e+00,2.128690000000000193e+00,2.137280000000000069e+00,2.147130000000000205e+00,2.062609999999999832e+00,2.112709999999999866e+00,2.113170000000000215e+00,2.110259999999999803e+00,2.065980000000000150e+00,2.026229999999999976e+00,1.926169999999999938e+00,2.191870000000000207e+00,2.174850000000000172e+00,2.160860000000000003e+00,2.144420000000000215e+00,2.131460000000000132e+00,2.123149999999999871e+00,2.117949999999999999e+00,2.117109999999999825e+00,2.120169999999999888e+00,2.127069999999999794e+00,2.137760000000000105e+00,2.086840000000000028e+00,2.036919999999999842e+00,1.964830000000000076e+00,1.898449999999999971e+00,1.829309999999999992e+00,1.764459999999999917e+00,1.697629999999999972e+00,1.634439999999999893e+00,1.574999999999999956e+00,1.519600000000000062e+00,1.468159999999999910e+00,1.420949999999999935e+00,1.374430000000000041e+00,1.333979999999999944e+00,1.283050000000000024e+00,1.280200000000000005e+00,1.270999999999999908e+00,1.265930000000000000e+00,1.265840000000000076e+00,1.269749999999999934e+00,1.277139999999999942e+00,1.288159999999999972e+00,1.304349999999999898e+00,1.324060000000000015e+00,1.346919999999999895e+00,1.372940000000000049e+00,1.395000000000000018e+00,1.420719999999999983e+00,1.449160000000000004e+00,1.481130000000000058e+00,1.517460000000000031e+00,1.557150000000000034e+00,1.599849999999999994e+00,1.645590000000000108e+00,1.684369999999999923e+00,1.725629999999999997e+00,1.768860000000000099e+00,1.816030000000000033e+00,1.865390000000000104e+00,1.917769999999999975e+00,1.972420000000000062e+00,2.029920000000000169e+00,2.090869999999999784e+00,2.154529999999999834e+00,2.536230000000000206e+00,4.896160000000000068e+00,9.992979999999999308e+00,1.550738999999999912e+01,1.959112000000000009e+01,1.567223000000000077e+01,1.273240999999999978e+01,1.180378999999999934e+01,1.139883000000000024e+01,1.125713000000000008e+01,1.121025000000000027e+01,1.111469999999999914e+01,1.101915999999999940e+01,1.092657999999999952e+01,1.083244000000000007e+01,1.073840000000000039e+01,1.064450000000000074e+01,1.054946999999999946e+01,1.045456000000000074e+01,1.036166000000000054e+01,1.026895000000000024e+01,1.017591999999999963e+01,1.008306999999999931e+01,9.988989999999999370e+00,9.895060000000000855e+00,9.803800000000000736e+00,9.712130000000000152e+00,9.619960000000000733e+00,9.527350000000000207e+00,9.436310000000000642e+00,9.344210000000000349e+00,9.252800000000000580e+00,9.160519999999999996e+00,9.070510000000000517e+00,8.980740000000000833e+00,8.889910000000000423e+00,8.799310000000000187e+00,8.709580000000000766e+00,8.620110000000000383e+00,8.530250000000000554e+00,8.440139999999999532e+00,8.351509999999999323e+00,8.263159999999999172e+00,8.175169999999999604e+00,8.086949999999999861e+00,7.998680000000000234e+00,7.910720000000000418e+00,7.824390000000000178e+00,7.736769999999999925e+00,7.650739999999999874e+00,7.563530000000000086e+00,7.477940000000000254e+00,7.392730000000000246e+00,7.307590000000000252e+00,7.221009999999999707e+00,7.137809999999999988e+00,7.055019999999999847e+00,6.971460000000000434e+00,6.888329999999999842e+00,6.804899999999999949e+00,6.721650000000000347e+00,6.641140000000000043e+00,6.560609999999999609e+00,6.479790000000000383e+00,6.398920000000000385e+00,6.319119999999999848e+00,6.239899999999999558e+00,6.161419999999999675e+00,6.083520000000000039e+00,6.006370000000000431e+00,5.929140000000000299e+00,5.853419999999999845e+00,5.777009999999999756e+00,5.702469999999999928e+00,5.628650000000000375e+00,5.554710000000000036e+00,5.481230000000000047e+00,5.409489999999999910e+00,5.338490000000000180e+00,5.264879999999999782e+00,5.189359999999999751e+00,5.106370000000000076e+00,5.023320000000000007e+00,4.938559999999999839e+00,4.854809999999999626e+00,4.770859999999999879e+00,4.686469999999999914e+00,4.606609999999999872e+00,4.526530000000000165e+00,4.446369999999999933e+00,4.367110000000000269e+00,4.288649999999999629e+00,4.210899999999999643e+00,4.135019999999999918e+00,4.059610000000000163e+00,3.985799999999999788e+00,3.912819999999999965e+00,3.839409999999999989e+00,3.766960000000000086e+00,3.699079999999999924e+00,3.631819999999999826e+00,3.565189999999999859e+00,3.498359999999999914e+00,3.435160000000000213e+00,3.372419999999999973e+00,3.311389999999999834e+00,3.251780000000000115e+00,3.192670000000000119e+00,3.135170000000000012e+00,3.082479999999999887e+00,3.030990000000000073e+00,2.980280000000000040e+00,2.930680000000000174e+00,2.875539999999999985e+00,2.841299999999999937e+00,2.799690000000000012e+00,2.758239999999999803e+00,2.722560000000000091e+00,2.686819999999999986e+00,2.653030000000000221e+00,2.621719999999999828e+00,2.593129999999999935e+00,2.566759999999999931e+00,2.539909999999999890e+00,2.511579999999999924e+00,2.471740000000000048e+00,2.434000000000000163e+00,2.399099999999999788e+00,2.366530000000000022e+00,2.334049999999999958e+00,2.303799999999999848e+00,2.273930000000000007e+00,2.246010000000000062e+00,2.220959999999999823e+00,2.197970000000000201e+00,2.129739999999999966e+00,2.170380000000000198e+00,2.164340000000000153e+00,2.159100000000000019e+00,2.158430000000000071e+00,2.160759999999999792e+00,2.166720000000000201e+00,2.174290000000000056e+00,2.183069999999999844e+00,2.193849999999999856e+00,2.203870000000000218e+00,2.216470000000000162e+00,2.090770000000000017e+00,2.146770000000000067e+00,2.162819999999999965e+00,2.181179999999999897e+00,2.189820000000000100e+00,2.201389999999999958e+00,2.170339999999999936e+00,2.221249999999999947e+00,2.228740000000000165e+00,2.258030000000000204e+00,2.238109999999999822e+00,2.220670000000000144e+00,2.204600000000000115e+00,2.191120000000000179e+00,2.180860000000000021e+00,2.171819999999999862e+00,2.167269999999999808e+00,2.163910000000000000e+00,2.165669999999999984e+00,2.170090000000000074e+00,2.175889999999999880e+00,2.181960000000000122e+00,2.188470000000000137e+00,2.198269999999999946e+00,2.198960000000000026e+00,2.204779999999999962e+00,2.209080000000000155e+00,2.220749999999999780e+00,2.220660000000000078e+00,2.217229999999999812e+00,2.187549999999999883e+00,2.159809999999999786e+00,2.133970000000000145e+00,2.109939999999999927e+00,2.075810000000000155e+00,2.044319999999999915e+00,2.017110000000000181e+00,1.991509999999999891e+00,1.968460000000000099e+00,1.948399999999999910e+00,1.927629999999999955e+00,1.907729999999999926e+00,1.878209999999999935e+00,1.849869999999999903e+00,1.825720000000000010e+00,1.803770000000000095e+00,1.777930000000000010e+00,1.756369999999999987e+00,1.724350000000000049e+00,1.694139999999999979e+00,1.659280000000000088e+00,1.627760000000000096e+00,1.596330000000000027e+00,1.568149999999999933e+00,1.542790000000000106e+00,1.519409999999999927e+00,1.501929999999999987e+00,1.487870000000000026e+00,1.477349999999999941e+00,1.469799999999999995e+00,1.466599999999999904e+00,1.466879999999999962e+00,1.469640000000000057e+00,1.476010000000000044e+00,1.487179999999999946e+00,1.501409999999999911e+00,1.520690000000000097e+00,1.540969999999999951e+00,1.560529999999999973e+00,1.584179999999999922e+00,1.612460000000000004e+00,1.644609999999999905e+00,1.680549999999999988e+00,1.719950000000000090e+00,1.748499999999999943e+00,1.779889999999999972e+00,1.816000000000000059e+00,1.855820000000000025e+00,1.898449999999999971e+00,1.943570000000000020e+00,1.993710000000000093e+00,2.045960000000000001e+00,2.101890000000000036e+00,2.160810000000000120e+00,2.196590000000000042e+00,2.282469999999999999e+00,2.359519999999999840e+00,2.431970000000000187e+00,2.512700000000000156e+00,2.636000000000000121e+00,2.728310000000000013e+00,2.820419999999999927e+00,2.913260000000000183e+00,3.006219999999999892e+00,3.085269999999999957e+00,3.165249999999999897e+00,3.342810000000000059e+00,4.641989999999999839e+00,7.759490000000000443e+00,1.152337999999999951e+01,1.537790999999999997e+01,1.955107999999999890e+01,1.683287999999999940e+01,1.245445999999999920e+01,8.805139999999999745e+00,7.074139999999999873e+00,6.689049999999999940e+00,6.593549999999999578e+00,6.498249999999999638e+00,6.401690000000000325e+00,6.304619999999999891e+00,6.211170000000000080e+00,6.117779999999999774e+00,6.022599999999999731e+00,5.927640000000000242e+00,5.834120000000000417e+00,5.740240000000000009e+00,5.645690000000000097e+00,5.551330000000000098e+00,5.380419999999999980e+00,5.336159999999999570e+00,5.244220000000000326e+00,5.152280000000000193e+00,5.067989999999999995e+00,4.983719999999999928e+00,4.897029999999999994e+00,4.810609999999999609e+00,4.724199999999999733e+00,4.638110000000000177e+00,4.553090000000000082e+00,4.468560000000000088e+00,4.384260000000000268e+00,4.300360000000000404e+00,4.217590000000000394e+00,4.135410000000000252e+00,4.048709999999999809e+00,3.962639999999999940e+00,3.887210000000000054e+00,3.812600000000000211e+00,3.733789999999999942e+00,3.655769999999999964e+00,3.569199999999999928e+00,3.509749999999999925e+00,3.439379999999999882e+00,3.370359999999999800e+00,3.302430000000000199e+00,3.235920000000000130e+00,3.168759999999999799e+00,3.099940000000000140e+00,3.033840000000000092e+00,2.969209999999999905e+00,2.906010000000000204e+00,2.842940000000000023e+00,2.782090000000000174e+00,2.722469999999999946e+00,2.664330000000000087e+00,2.607009999999999827e+00,2.552890000000000104e+00,2.500440000000000218e+00,2.449829999999999952e+00,2.400939999999999852e+00,2.310610000000000053e+00,2.291900000000000048e+00,2.262090000000000156e+00,2.234690000000000065e+00,2.212239999999999984e+00,2.193540000000000045e+00,2.178059999999999885e+00,2.166459999999999830e+00,2.152359999999999829e+00,2.133879999999999999e+00,2.116620000000000168e+00,2.101780000000000204e+00,2.087520000000000042e+00,2.074749999999999872e+00,2.068330000000000002e+00,2.062380000000000102e+00,2.057609999999999939e+00,2.054030000000000022e+00,2.049230000000000107e+00,2.047029999999999905e+00,2.048049999999999926e+00,2.050689999999999902e+00,2.057620000000000005e+00,2.067210000000000214e+00,2.062739999999999796e+00,2.058390000000000164e+00,2.058159999999999989e+00,2.059369999999999923e+00,2.064259999999999984e+00,2.071410000000000196e+00,2.081370000000000164e+00,2.093220000000000081e+00,2.108600000000000030e+00,2.125779999999999781e+00,2.142090000000000050e+00,2.161249999999999893e+00,2.189830000000000165e+00,2.220930000000000071e+00,2.237029999999999852e+00,2.255850000000000133e+00,2.255279999999999951e+00,2.257730000000000015e+00,2.261779999999999902e+00,2.268940000000000179e+00,2.263700000000000045e+00,2.258849999999999802e+00,2.241649999999999920e+00,2.227819999999999911e+00,2.216219999999999857e+00,2.207640000000000047e+00,2.202360000000000095e+00,2.198119999999999852e+00,2.163300000000000001e+00,2.164520000000000000e+00,2.123829999999999885e+00,2.111930000000000085e+00,2.117160000000000153e+00,2.136909999999999865e+00,2.123369999999999980e+00,2.113869999999999916e+00,2.100779999999999870e+00,2.090269999999999850e+00,2.069170000000000176e+00,2.050650000000000084e+00,2.031890000000000196e+00,2.015159999999999840e+00,2.000799999999999912e+00,1.989319999999999977e+00,1.979020000000000001e+00,1.969070000000000098e+00,1.960900000000000087e+00,1.953600000000000003e+00,1.949829999999999952e+00,1.948960000000000026e+00,1.950609999999999955e+00,1.955170000000000075e+00,1.945980000000000043e+00,1.940229999999999899e+00,1.923699999999999966e+00,1.910570000000000102e+00,1.900549999999999962e+00,1.892619999999999969e+00,1.889860000000000095e+00,1.888409999999999922e+00,1.891990000000000061e+00,1.895520000000000094e+00,1.900609999999999911e+00,1.908590000000000009e+00,1.919040000000000079e+00,1.933489999999999931e+00,1.954339999999999966e+00,1.979039999999999910e+00,2.006909999999999972e+00,2.038450000000000095e+00,2.049399999999999888e+00,2.063099999999999934e+00,2.078959999999999919e+00,2.096799999999999997e+00,2.117680000000000007e+00,2.139180000000000081e+00,2.166059999999999874e+00,2.194960000000000022e+00,2.226269999999999971e+00,2.259900000000000020e+00,2.296629999999999949e+00,2.334039999999999893e+00,2.374130000000000074e+00,2.414800000000000058e+00,2.460729999999999862e+00,2.508360000000000145e+00,2.555619999999999781e+00,2.604789999999999939e+00,2.658840000000000092e+00,2.711570000000000036e+00,2.767879999999999896e+00,2.825810000000000155e+00,2.884970000000000034e+00,2.945609999999999840e+00,3.005230000000000068e+00,3.066390000000000171e+00,3.127759999999999874e+00,3.189989999999999881e+00,3.254290000000000127e+00,3.319599999999999884e+00,3.386929999999999996e+00,3.455600000000000005e+00,3.526170000000000027e+00,3.595740000000000158e+00,3.506839999999999957e+00,3.945180000000000131e+00,4.560240000000000293e+00,5.845749999999999780e+00,8.885099999999999554e+00,1.255419000000000018e+01,1.641684000000000054e+01,2.049485999999999919e+01,1.327350999999999992e+01,8.364969999999999573e+00,4.449440000000000062e+00,3.422880000000000145e+00,3.218859999999999832e+00,2.921570000000000000e+00,2.955709999999999837e+00,2.904279999999999973e+00,2.854280000000000150e+00,2.806400000000000006e+00,2.760569999999999968e+00,2.712870000000000115e+00,2.664890000000000203e+00,2.610380000000000145e+00,2.557910000000000128e+00,2.512090000000000156e+00,2.465829999999999966e+00,2.421730000000000160e+00,2.378649999999999931e+00,2.343989999999999796e+00,2.311929999999999819e+00,2.281229999999999869e+00,2.253219999999999779e+00,2.229750000000000121e+00,2.208219999999999850e+00,2.179930000000000145e+00,2.152530000000000054e+00,2.125150000000000095e+00,2.097240000000000215e+00,2.074289999999999967e+00,2.054019999999999957e+00,2.026699999999999946e+00,2.000710000000000210e+00,1.974020000000000108e+00,1.950390000000000068e+00,1.931610000000000049e+00,1.916080000000000005e+00,1.902579999999999938e+00,1.892149999999999999e+00,1.886940000000000062e+00,1.884980000000000100e+00,1.884980000000000100e+00,1.888260000000000050e+00,1.895650000000000057e+00,1.906300000000000106e+00,1.917589999999999906e+00,1.931799999999999962e+00,1.928879999999999928e+00,1.927119999999999944e+00,1.925070000000000059e+00,1.925270000000000037e+00,1.922209999999999974e+00,1.922639999999999905e+00,1.928549999999999986e+00,1.937710000000000043e+00,1.925710000000000033e+00,1.912409999999999943e+00,1.893210000000000059e+00,1.878970000000000029e+00,1.870190000000000019e+00,1.867410000000000014e+00,1.870999999999999996e+00,1.881089999999999929e+00,1.897429999999999950e+00,1.919140000000000068e+00,1.945149999999999935e+00,1.976169999999999982e+00,1.977950000000000097e+00,1.980669999999999931e+00,1.898779999999999912e+00,1.934970000000000079e+00,1.943349999999999911e+00,1.972800000000000109e+00,1.994469999999999965e+00,2.020459999999999923e+00,2.042159999999999975e+00,2.071190000000000087e+00,2.109599999999999920e+00,2.155269999999999797e+00,2.129539999999999988e+00,2.427989999999999871e+00,2.485189999999999788e+00,2.550800000000000178e+00,2.707640000000000047e+00,3.935849999999999849e+00,8.194359999999999644e+00,1.326604000000000028e+01,1.368305999999999933e+01,8.884399999999999409e+00,4.559779999999999944e+00,2.963740000000000041e+00,2.658589999999999787e+00,2.601570000000000160e+00,2.547029999999999905e+00,2.495649999999999924e+00,2.447810000000000041e+00,2.402639999999999887e+00,2.361000000000000210e+00,2.319770000000000110e+00,2.281660000000000021e+00,2.249709999999999877e+00,2.221330000000000027e+00,2.194840000000000124e+00,2.171940000000000204e+00,2.152050000000000018e+00,2.131920000000000037e+00,2.112740000000000062e+00,2.095159999999999911e+00,2.076319999999999943e+00,2.060999999999999943e+00,2.043699999999999850e+00,2.029949999999999921e+00,2.019439999999999902e+00,2.012449999999999850e+00,2.009679999999999911e+00,2.010580000000000034e+00,2.012950000000000017e+00,2.018499999999999961e+00,2.027050000000000018e+00,2.038740000000000219e+00,2.045160000000000089e+00,2.054339999999999833e+00,2.066159999999999997e+00,2.080830000000000179e+00,2.097539999999999960e+00,2.115510000000000002e+00,2.127530000000000143e+00,2.140699999999999825e+00,2.149169999999999803e+00,2.162479999999999958e+00,2.181070000000000064e+00,2.204499999999999904e+00,2.232930000000000081e+00,2.264149999999999885e+00,2.277699999999999836e+00,2.282459999999999933e+00,2.293320000000000025e+00,2.313070000000000181e+00,2.297029999999999905e+00,2.284419999999999895e+00,2.222500000000000142e+00,2.169270000000000032e+00,2.125309999999999810e+00,2.090650000000000119e+00,2.065080000000000027e+00,2.049119999999999830e+00,2.045929999999999804e+00,2.053139999999999965e+00,2.068589999999999929e+00,2.096210000000000129e+00,2.092579999999999885e+00,2.091130000000000155e+00,2.064649999999999874e+00,2.039789999999999992e+00,1.962569999999999926e+00,1.888039999999999941e+00,1.795339999999999936e+00,1.703840000000000021e+00,1.612370000000000081e+00,1.521859999999999991e+00,1.433950000000000058e+00,1.347099999999999964e+00,1.261870000000000047e+00,1.203440000000000065e+00,1.136940000000000062e+00,1.071550000000000002e+00,1.013759999999999994e+00,9.599699999999999900e-01,8.967800000000000216e-01,8.329800000000000537e-01,7.672700000000000076e-01,7.041899999999999826e-01,6.312499999999999778e-01,6.041299999999999448e-01,5.723899999999999544e-01,5.494599999999999485e-01,5.367399999999999949e-01,5.338800000000000212e-01,5.410000000000000364e-01,5.568999999999999506e-01,5.804599999999999760e-01,6.113199999999999745e-01,5.998499999999999943e-01,5.948099999999999499e-01,5.852300000000000280e-01,5.820400000000000018e-01,3.956899999999999862e-01,8.736399999999999721e-01,2.422880000000000145e+00,5.422380000000000422e+00,9.376360000000000028e+00,1.363878000000000057e+01,2.004054000000000002e+01,1.484163000000000032e+01,9.820259999999999323e+00,5.860050000000000203e+00,3.221690000000000165e+00,1.892509999999999915e+00,1.967249999999999943e+00,1.965219999999999967e+00,1.966920000000000002e+00,1.974380000000000024e+00,1.983139999999999903e+00,1.996799999999999908e+00,2.013920000000000154e+00,2.033850000000000158e+00,2.057139999999999969e+00,2.084459999999999980e+00,2.115040000000000031e+00,2.148169999999999913e+00,2.184450000000000003e+00,2.160960000000000214e+00,2.174199999999999910e+00,2.155470000000000219e+00,2.142669999999999852e+00,2.086059999999999803e+00,2.143120000000000136e+00,2.163499999999999979e+00,2.188450000000000006e+00,2.218449999999999811e+00,2.250529999999999919e+00,2.256479999999999819e+00,2.266960000000000086e+00,2.236359999999999904e+00,2.207539999999999836e+00,2.116779999999999884e+00,2.065910000000000135e+00,2.073040000000000216e+00,2.082879999999999843e+00,2.076449999999999907e+00,2.074069999999999858e+00,2.063250000000000028e+00,2.081739999999999924e+00,2.068330000000000002e+00,2.077539999999999942e+00,2.084029999999999827e+00,2.093449999999999811e+00,2.096379999999999910e+00,2.102489999999999970e+00,2.106970000000000010e+00,2.116239999999999899e+00,2.112169999999999881e+00,2.110380000000000145e+00,2.097939999999999916e+00,2.087979999999999947e+00,2.083590000000000053e+00,2.080350000000000144e+00,2.074660000000000171e+00,2.071829999999999838e+00,2.062650000000000095e+00,2.056900000000000173e+00,2.053080000000000016e+00,2.051190000000000069e+00,2.027439999999999909e+00,2.001809999999999867e+00,1.963000000000000078e+00,1.927599999999999980e+00,1.894249999999999989e+00,1.864109999999999934e+00,1.837509999999999977e+00,1.814230000000000009e+00,1.794869999999999965e+00,1.779930000000000012e+00,1.767730000000000024e+00,1.758629999999999916e+00,1.755120000000000013e+00,1.755220000000000002e+00,1.759600000000000053e+00,1.767279999999999962e+00,1.779689999999999994e+00,1.795700000000000074e+00,1.815609999999999946e+00,1.839210000000000012e+00,1.867199999999999971e+00,1.897450000000000081e+00,1.934490000000000043e+00,1.974720000000000031e+00,2.017609999999999904e+00,2.062949999999999839e+00,2.113879999999999981e+00,2.166910000000000114e+00,2.224000000000000199e+00,2.282929999999999904e+00,2.346820000000000128e+00,2.412279999999999980e+00,2.476939999999999920e+00,2.542390000000000150e+00,2.586219999999999963e+00,2.628940000000000055e+00,2.669799999999999951e+00,2.712899999999999867e+00,2.759669999999999845e+00,2.807170000000000165e+00,2.858280000000000154e+00,2.911080000000000112e+00,2.959810000000000052e+00,3.010920000000000041e+00,3.067730000000000068e+00,3.125329999999999941e+00,3.184629999999999850e+00,3.245330000000000048e+00,3.306439999999999824e+00,3.368949999999999889e+00,3.431160000000000210e+00,3.494559999999999889e+00,3.556220000000000159e+00,3.620260000000000034e+00,3.684260000000000090e+00,3.750080000000000080e+00,3.821050000000000058e+00,3.890540000000000109e+00,3.956690000000000040e+00,4.036340000000000039e+00,4.107420000000000293e+00,4.174900000000000055e+00,4.233850000000000335e+00,4.294669999999999987e+00,4.348749999999999893e+00,4.403859999999999886e+00,4.459950000000000081e+00,4.517039999999999722e+00,4.575829999999999842e+00,4.635589999999999655e+00,4.696699999999999875e+00,4.759059999999999846e+00,4.824379999999999669e+00,4.888760000000000439e+00,4.951319999999999943e+00,5.014829999999999899e+00,5.078640000000000043e+00,5.143550000000000288e+00,5.209539999999999615e+00,5.276589999999999669e+00,5.342900000000000205e+00,5.409989999999999633e+00,5.481559999999999988e+00,5.552179999999999893e+00,5.624520000000000408e+00,5.697530000000000427e+00,5.712340000000000195e+00,5.995339999999999669e+00,6.903270000000000017e+00,8.820489999999999498e+00,1.198710999999999949e+01,1.564869999999999983e+01,1.166629999999999967e+01,7.311639999999999695e+00,3.475870000000000015e+00,2.040230000000000210e+00,1.649920000000000053e+00,1.321609999999999951e+00,1.623869999999999925e+00,1.696790000000000020e+00,1.771400000000000086e+00,1.842230000000000034e+00,1.916080000000000005e+00,1.946569999999999911e+00,1.979999999999999982e+00,1.900449999999999973e+00,1.979999999999999982e+00,1.983630000000000004e+00,1.991630000000000011e+00,2.006279999999999841e+00,2.025630000000000042e+00,2.041279999999999983e+00,2.062149999999999928e+00,2.069999999999999840e+00,2.080789999999999917e+00,2.055559999999999832e+00,2.036249999999999893e+00,1.860519999999999952e+00,1.863369999999999971e+00,1.861930000000000085e+00,1.908500000000000085e+00,1.975829999999999975e+00,2.053459999999999841e+00,2.043849999999999945e+00,2.037679999999999936e+00,2.022130000000000205e+00,2.009180000000000188e+00,1.997880000000000100e+00,1.989230000000000054e+00,1.985179999999999945e+00,1.981610000000000094e+00,1.983149999999999968e+00,1.987500000000000044e+00,1.990089999999999915e+00,1.995649999999999924e+00,1.998580000000000023e+00,2.005110000000000170e+00,2.014339999999999797e+00,2.026879999999999793e+00,2.034609999999999808e+00,2.044410000000000061e+00,2.043740000000000112e+00,2.044299999999999784e+00,2.027880000000000127e+00,2.015070000000000139e+00,2.005050000000000221e+00,1.998469999999999969e+00,1.975999999999999979e+00,1.964390000000000081e+00,1.923380000000000090e+00,1.886530000000000040e+00,1.853239999999999998e+00,1.823690000000000033e+00,1.799420000000000019e+00,1.779549999999999965e+00,1.760199999999999987e+00,1.758850000000000025e+00,1.757530000000000037e+00,1.760969999999999924e+00,1.772059999999999969e+00,1.788030000000000008e+00,1.807770000000000099e+00,1.833429999999999893e+00,1.857069999999999999e+00,1.885389999999999899e+00,1.920269999999999921e+00,1.959840000000000027e+00,1.957449999999999912e+00,1.969200000000000061e+00,1.991919999999999913e+00,2.034899999999999931e+00,2.100740000000000052e+00,2.188520000000000021e+00,2.241229999999999833e+00,2.295580000000000176e+00,2.345340000000000202e+00,2.398620000000000196e+00,2.450769999999999893e+00,2.504910000000000192e+00,2.562300000000000022e+00,2.622770000000000046e+00,2.625109999999999832e+00,2.818280000000000118e+00,2.944420000000000037e+00,3.226179999999999826e+00,5.199760000000000382e+00,8.361190000000000566e+00,1.318816999999999950e+01,1.842237000000000080e+01,1.506675000000000075e+01,9.814529999999999532e+00,5.003169999999999895e+00,2.741309999999999913e+00,2.370639999999999858e+00,2.214160000000000128e+00,2.239879999999999871e+00,2.218580000000000219e+00,2.202949999999999964e+00,2.184070000000000178e+00,2.163110000000000088e+00,2.180540000000000145e+00,2.206230000000000135e+00,2.220819999999999794e+00,2.238490000000000091e+00,2.235939999999999817e+00,2.242760000000000087e+00,2.259710000000000107e+00,2.284870000000000179e+00,2.266239999999999810e+00,2.260130000000000194e+00,2.247059999999999835e+00,2.249490000000000212e+00,2.251599999999999824e+00,2.281789999999999985e+00,2.273289999999999811e+00,2.265330000000000066e+00,2.249499999999999833e+00,2.236099999999999977e+00,2.223120000000000207e+00,2.212680000000000202e+00,2.189960000000000129e+00,2.166300000000000114e+00,2.136210000000000164e+00,2.108470000000000066e+00,2.083149999999999835e+00,2.060599999999999987e+00,2.041180000000000216e+00,2.024210000000000065e+00,2.010069999999999801e+00,1.997980000000000089e+00,1.989749999999999908e+00,1.984490000000000087e+00,1.982590000000000074e+00,1.982059999999999933e+00,1.985079999999999956e+00,1.990690000000000071e+00,2.000469999999999970e+00,2.012890000000000068e+00,2.027210000000000178e+00,2.044449999999999878e+00,2.064509999999999845e+00,2.086790000000000145e+00,2.112239999999999895e+00,2.140080000000000204e+00,2.131629999999999914e+00,2.122700000000000031e+00,2.103950000000000209e+00,2.087810000000000166e+00,2.050609999999999822e+00,2.015839999999999854e+00,1.983770000000000033e+00,1.954930000000000057e+00,1.931189999999999962e+00,1.908630000000000049e+00,1.890460000000000029e+00,1.875059999999999949e+00,1.856370000000000076e+00,1.842160000000000020e+00,1.828559999999999963e+00,1.820599999999999996e+00,1.811830000000000052e+00,1.807590000000000030e+00,1.805320000000000036e+00,1.808910000000000018e+00,1.818540000000000045e+00,1.832209999999999894e+00,1.847259999999999902e+00,1.863480000000000025e+00,1.868409999999999904e+00,1.876290000000000013e+00,1.890609999999999902e+00,1.908519999999999994e+00,1.931400000000000006e+00,1.956939999999999902e+00,1.993120000000000003e+00,2.031530000000000058e+00,2.073630000000000084e+00,2.119790000000000063e+00,2.166440000000000143e+00,2.217779999999999863e+00,2.255759999999999987e+00,2.355640000000000178e+00,2.429969999999999963e+00,2.504809999999999981e+00,2.560509999999999842e+00,2.672190000000000065e+00,2.877050000000000107e+00,3.157739999999999991e+00,3.244959999999999845e+00,3.333289999999999864e+00,3.419690000000000119e+00,3.507089999999999819e+00,3.698069999999999968e+00,4.640480000000000160e+00,7.798729999999999940e+00,1.194646000000000008e+01,1.610613999999999990e+01,2.036545999999999879e+01,1.410466000000000086e+01,9.456960000000000477e+00,5.471309999999999896e+00,4.065269999999999939e+00,3.918000000000000149e+00,3.846560000000000201e+00,3.776029999999999998e+00,3.706700000000000106e+00,3.638380000000000170e+00,3.569850000000000190e+00,3.502949999999999786e+00,3.433889999999999887e+00,3.366690000000000182e+00,3.301379999999999981e+00,3.238100000000000200e+00,3.164909999999999890e+00,3.095749999999999780e+00,3.027820000000000178e+00,2.965759999999999952e+00,2.906810000000000116e+00,2.851339999999999986e+00,2.787799999999999834e+00,2.726240000000000219e+00,2.665639999999999787e+00,2.606860000000000177e+00,2.550089999999999968e+00,2.495200000000000085e+00,2.443579999999999863e+00,2.392949999999999910e+00,2.346029999999999838e+00,2.301719999999999988e+00,2.258480000000000043e+00,2.218339999999999979e+00,2.182090000000000085e+00,2.140620000000000189e+00,2.096260000000000012e+00,2.055060000000000109e+00,2.016420000000000101e+00,1.980369999999999964e+00,1.819569999999999910e+00,1.842980000000000063e+00,1.850100000000000078e+00,1.864330000000000043e+00,1.885299999999999976e+00,1.912609999999999921e+00,1.922760000000000025e+00,1.933349999999999902e+00,1.942220000000000057e+00,1.954120000000000079e+00,1.966939999999999911e+00,1.982590000000000074e+00,2.006450000000000067e+00,2.031250000000000000e+00,2.059299999999999908e+00,2.087779999999999969e+00,2.106939999999999813e+00,2.126419999999999977e+00,2.139679999999999804e+00,2.154659999999999798e+00,2.161039999999999850e+00,2.172740000000000116e+00,2.173989999999999867e+00,2.177200000000000024e+00,2.165649999999999853e+00,2.158230000000000093e+00,2.154710000000000125e+00,2.154549999999999965e+00,2.153329999999999966e+00,2.152960000000000207e+00,2.148839999999999861e+00,2.147790000000000088e+00,2.146549999999999958e+00,2.148670000000000080e+00,2.153389999999999915e+00,2.157010000000000094e+00,2.135450000000000070e+00,2.112249999999999961e+00,2.090489999999999959e+00,2.071779999999999955e+00,2.057240000000000180e+00,2.045729999999999826e+00,2.034839999999999982e+00,2.027309999999999945e+00,2.025450000000000195e+00,2.027280000000000193e+00,2.031579999999999941e+00,2.039359999999999840e+00,2.049710000000000143e+00,2.063489999999999824e+00,2.081630000000000091e+00,2.101119999999999877e+00,2.124709999999999877e+00,2.151320000000000121e+00,2.135749999999999815e+00,2.120610000000000106e+00,2.064729999999999954e+00,2.012430000000000163e+00,1.938150000000000039e+00,1.902390000000000025e+00,1.855250000000000066e+00,1.811639999999999917e+00,1.753109999999999946e+00,1.698239999999999972e+00,1.645979999999999999e+00,1.597599999999999909e+00,1.558200000000000029e+00,1.523749999999999938e+00,1.486059999999999937e+00,1.451419999999999932e+00,1.421019999999999950e+00,1.392030000000000101e+00,1.368870000000000031e+00,1.349669999999999925e+00,1.333320000000000061e+00,1.321450000000000014e+00,1.316999999999999948e+00,1.315809999999999924e+00,1.319690000000000030e+00,1.326650000000000107e+00,1.315099999999999936e+00,1.307320000000000038e+00,1.648530000000000051e+00,3.700400000000000134e+00,7.381339999999999790e+00,1.170648000000000089e+01,2.065229000000000070e+01,1.593533000000000044e+01,1.161844999999999928e+01,8.626110000000000610e+00,5.910090000000000288e+00,4.572259999999999991e+00,4.155929999999999680e+00,4.075020000000000309e+00,3.996550000000000047e+00,3.923890000000000100e+00,3.857019999999999893e+00,3.770929999999999893e+00,3.685680000000000067e+00,3.605980000000000185e+00,3.526889999999999858e+00,3.435459999999999958e+00,3.374750000000000139e+00,3.304600000000000204e+00,3.235269999999999868e+00,3.167790000000000106e+00,3.102020000000000000e+00,3.038670000000000204e+00,2.977160000000000029e+00,2.916560000000000041e+00,2.858130000000000059e+00,2.802589999999999915e+00,2.748470000000000191e+00,2.697880000000000056e+00,2.648080000000000211e+00,2.601929999999999854e+00,2.558440000000000047e+00,2.517059999999999853e+00,2.478769999999999918e+00,2.445479999999999876e+00,2.413930000000000131e+00,1.948620000000000019e+00,1.970679999999999987e+00,1.969009999999999927e+00,1.969039999999999901e+00,1.973249999999999948e+00,1.980329999999999924e+00,1.989749999999999908e+00,2.000770000000000159e+00,2.017149999999999999e+00,2.036620000000000097e+00,2.059740000000000126e+00,2.082609999999999850e+00,2.109030000000000182e+00,2.134990000000000165e+00,2.118339999999999890e+00,2.106409999999999894e+00,2.093949999999999978e+00,2.086780000000000079e+00,2.078910000000000036e+00,2.072490000000000165e+00,2.060599999999999987e+00,2.050699999999999967e+00,2.048999999999999932e+00,2.050370000000000026e+00,2.055569999999999897e+00,2.065020000000000078e+00,2.080270000000000064e+00,2.099810000000000176e+00,2.094790000000000152e+00,2.091990000000000016e+00,2.082349999999999923e+00,2.074629999999999974e+00,2.044509999999999827e+00,2.011400000000000077e+00,1.964790000000000036e+00,1.946150000000000047e+00,1.923669999999999991e+00,1.906260000000000066e+00,1.893890000000000073e+00,1.886589999999999989e+00,1.883890000000000065e+00,1.885080000000000089e+00,1.895170000000000021e+00,1.910069999999999935e+00,1.927689999999999904e+00,1.949740000000000029e+00,1.981479999999999908e+00,2.013349999999999973e+00,2.007690000000000197e+00,2.003670000000000062e+00,1.990620000000000056e+00,1.979119999999999990e+00,1.935850000000000071e+00,1.893119999999999914e+00,1.841040000000000010e+00,1.790599999999999969e+00,1.743999999999999995e+00,1.699149999999999938e+00,1.656120000000000037e+00,1.615539999999999976e+00,1.579099999999999948e+00,1.546089999999999964e+00,1.515409999999999924e+00,1.488040000000000029e+00,1.463719999999999910e+00,1.442749999999999977e+00,1.419310000000000072e+00,1.399189999999999934e+00,1.382719999999999949e+00,1.367839999999999945e+00,1.359029999999999960e+00,1.351990000000000025e+00,1.349809999999999954e+00,1.351110000000000033e+00,1.355350000000000055e+00,1.362970000000000015e+00,1.364039999999999919e+00,1.363180000000000058e+00,1.360370000000000079e+00,1.361380000000000035e+00,1.369490000000000096e+00,1.380190000000000028e+00,1.387960000000000083e+00,1.400120000000000031e+00,1.415300000000000002e+00,1.435009999999999897e+00,1.459999999999999964e+00,1.489349999999999952e+00,1.507710000000000106e+00,1.530080000000000107e+00,1.556980000000000031e+00,1.587730000000000086e+00,1.622030000000000083e+00,1.659990000000000077e+00,1.701589999999999936e+00,1.746599999999999930e+00,1.795320000000000027e+00,1.847210000000000019e+00,1.901820000000000066e+00,1.958800000000000097e+00,2.011859999999999982e+00,2.067649999999999988e+00,2.074600000000000222e+00,2.263269999999999893e+00,2.339970000000000105e+00,2.435999999999999943e+00,2.507330000000000059e+00,2.579810000000000159e+00,2.653039999999999843e+00,2.725600000000000023e+00,2.801289999999999836e+00,2.877969999999999917e+00,2.931919999999999860e+00,3.037170000000000147e+00,3.119810000000000194e+00,3.203590000000000160e+00,3.291539999999999910e+00,3.379830000000000112e+00,3.453669999999999796e+00,3.529290000000000038e+00,3.607110000000000039e+00,3.685610000000000053e+00,3.758090000000000153e+00,3.863269999999999982e+00,3.949409999999999865e+00,4.035849999999999937e+00,4.122259999999999813e+00,4.209179999999999922e+00,4.297509999999999941e+00,4.384369999999999656e+00,4.474079999999999835e+00,4.562759999999999927e+00,4.438390000000000057e+00,4.934350000000000236e+00,6.828400000000000247e+00,9.636649999999999494e+00,1.325793999999999961e+01,1.746186000000000149e+01,1.411252999999999957e+01,9.456950000000000855e+00,5.702270000000000394e+00,4.417270000000000252e+00,4.128790000000000404e+00,4.044950000000000045e+00,3.960430000000000117e+00,3.881229999999999958e+00,3.801829999999999821e+00,3.723879999999999857e+00,3.646860000000000213e+00,3.570359999999999978e+00,3.494909999999999961e+00,3.421819999999999862e+00,3.350060000000000038e+00,3.279860000000000220e+00,3.211149999999999949e+00,3.140540000000000109e+00,3.071419999999999817e+00,2.995400000000000063e+00,2.922419999999999796e+00,2.853000000000000203e+00,2.786960000000000104e+00,2.724559999999999871e+00,2.665869999999999962e+00,2.611860000000000070e+00,2.560589999999999922e+00,2.509430000000000049e+00,2.457399999999999807e+00,2.402099999999999902e+00,2.349320000000000075e+00,2.298770000000000202e+00,2.250509999999999788e+00,2.204209999999999781e+00,2.160029999999999895e+00,2.121280000000000054e+00,2.084020000000000206e+00,2.051890000000000214e+00,2.023260000000000058e+00,1.997249999999999970e+00,1.974800000000000111e+00,1.947659999999999947e+00,1.923319999999999919e+00,1.896840000000000082e+00,1.874430000000000041e+00,1.834629999999999983e+00,1.800289999999999946e+00,1.771490000000000009e+00,1.747980000000000089e+00,1.716499999999999915e+00,1.739570000000000061e+00,1.745479999999999920e+00,1.756099999999999994e+00,1.772710000000000008e+00,1.794540000000000024e+00,1.821939999999999893e+00,1.854130000000000056e+00,1.892109999999999959e+00,1.933619999999999894e+00,1.980310000000000015e+00,2.030569999999999986e+00,2.083169999999999966e+00,2.138090000000000046e+00,2.185970000000000191e+00,2.237249999999999961e+00,2.278480000000000061e+00,2.322680000000000078e+00,2.349250000000000060e+00,2.378559999999999786e+00,2.382540000000000102e+00,2.390950000000000131e+00,2.387910000000000199e+00,2.387360000000000149e+00,2.388380000000000170e+00,2.391900000000000137e+00,2.381349999999999856e+00,2.365229999999999944e+00,2.325639999999999930e+00,2.288879999999999804e+00,2.254459999999999908e+00,2.222570000000000157e+00,2.192239999999999966e+00,2.164569999999999883e+00,2.143600000000000172e+00,2.125879999999999992e+00,2.109280000000000044e+00,2.095990000000000020e+00,2.084189999999999987e+00,2.075540000000000163e+00,2.072610000000000063e+00,2.072740000000000027e+00,2.074739999999999807e+00,2.078980000000000050e+00,2.088039999999999896e+00,2.100579999999999892e+00,2.115650000000000031e+00,2.133900000000000130e+00,2.126500000000000057e+00,2.122380000000000155e+00,2.081440000000000179e+00,2.052620000000000111e+00,2.024960000000000093e+00,2.047039999999999971e+00,2.139780000000000015e+00,2.297499999999999876e+00,2.326830000000000176e+00,2.358579999999999899e+00,2.382989999999999942e+00,2.407439999999999802e+00,2.408879999999999910e+00,2.415189999999999948e+00,2.406779999999999919e+00,2.404819999999999958e+00,2.398460000000000036e+00,2.405089999999999950e+00,2.424350000000000005e+00,2.455429999999999779e+00,2.427989999999999871e+00,2.470330000000000137e+00,3.445440000000000058e+00,4.970410000000000217e+00,7.796630000000000393e+00,1.131147999999999954e+01,1.575289000000000073e+01,2.045352000000000103e+01,1.960640000000000072e+01,1.389138999999999946e+01,8.330059999999999576e+00,5.013200000000000323e+00,2.452799999999999869e+00,1.719160000000000021e+00,1.771709999999999896e+00,1.753670000000000062e+00,1.743740000000000068e+00,1.739079999999999959e+00,1.744340000000000002e+00,1.759230000000000071e+00,1.783970000000000056e+00,1.803129999999999900e+00,1.819849999999999968e+00,1.805940000000000101e+00,1.792529999999999957e+00,1.777050000000000018e+00,1.767260000000000053e+00,1.617650000000000032e+00,1.705009999999999915e+00,1.669149999999999912e+00,1.790610000000000035e+00,1.811010000000000009e+00,1.836549999999999905e+00,1.867599999999999927e+00,1.904349999999999987e+00,1.946120000000000072e+00,1.995910000000000073e+00,2.048470000000000013e+00,2.105579999999999785e+00,2.153280000000000083e+00,2.198040000000000216e+00,2.190220000000000056e+00,2.183230000000000004e+00,2.176239999999999952e+00,2.172260000000000080e+00,2.160460000000000047e+00,2.150409999999999933e+00,2.115099999999999980e+00,2.089820000000000011e+00,2.063190000000000079e+00,2.039620000000000211e+00,2.018710000000000004e+00,2.000480000000000036e+00,1.972539999999999960e+00,1.945810000000000040e+00,1.912749999999999950e+00,1.888549999999999951e+00,1.869820000000000038e+00,1.856470000000000065e+00,1.818699999999999983e+00,1.968579999999999997e+00,2.076769999999999783e+00,2.212079999999999824e+00,2.257690000000000197e+00,2.306589999999999918e+00,2.339830000000000076e+00,2.378760000000000208e+00,2.422569999999999890e+00,2.472360000000000113e+00,2.629140000000000033e+00,4.316550000000000331e+00,8.536659999999999471e+00,1.336252999999999957e+01,2.155857999999999919e+01,1.918489999999999895e+01,1.739632999999999896e+01,1.664399999999999835e+01,1.617396000000000100e+01,1.592345000000000077e+01,1.587853999999999921e+01,1.578210999999999942e+01,1.568576000000000015e+01,1.558925999999999945e+01,1.549274999999999913e+01,1.539756000000000036e+01,1.530147999999999975e+01,1.520557999999999943e+01,1.510956999999999972e+01,1.501383000000000045e+01,1.491797000000000040e+01,1.482276000000000060e+01,1.472763999999999918e+01,1.463222000000000023e+01,1.453689999999999927e+01,1.444170000000000087e+01,1.434657999999999944e+01,1.425167000000000073e+01,1.415682999999999936e+01,1.406132999999999988e+01,1.396584999999999965e+01,1.387238999999999933e+01,1.377848000000000006e+01,1.368430999999999997e+01,1.358980000000000032e+01,1.349568999999999974e+01,1.340123999999999960e+01,1.330727000000000082e+01,1.321251999999999960e+01,1.311880000000000024e+01,1.302523000000000053e+01,1.293111999999999995e+01,1.283698000000000050e+01,1.274365000000000059e+01,1.264990000000000059e+01,1.255699000000000076e+01,1.246380000000000088e+01,1.237118000000000073e+01,1.227856000000000058e+01,1.218549999999999933e+01,1.209173000000000009e+01,1.199855999999999945e+01,1.190551999999999921e+01,1.181180999999999948e+01,1.171826000000000079e+01,1.162615000000000087e+01,1.153420000000000023e+01,1.144173999999999936e+01,1.134944999999999915e+01,1.125722000000000023e+01,1.116492000000000040e+01,1.107318000000000069e+01,1.098160000000000025e+01,1.089015999999999984e+01,1.079847000000000001e+01,1.070745999999999931e+01,1.061666999999999916e+01,1.052610999999999919e+01,1.043573999999999913e+01,1.034543000000000035e+01,1.025533000000000072e+01,1.016497000000000028e+01,1.007482000000000077e+01,9.985649999999999693e+00,9.896739999999999426e+00,9.807840000000000558e+00,9.718920000000000670e+00,9.630430000000000490e+00,9.541050000000000253e+00,9.453870000000000218e+00,9.366860000000000852e+00,9.278940000000000410e+00,9.191269999999999385e+00,9.102000000000000313e+00,9.012940000000000396e+00,8.924989999999999313e+00,8.837130000000000152e+00,8.749409999999999243e+00,8.661849999999999383e+00,8.574199999999999378e+00,8.486750000000000682e+00,8.399739999999999540e+00,8.312960000000000349e+00,8.225659999999999528e+00,8.138619999999999521e+00,8.053520000000000678e+00,7.968379999999999797e+00,7.882390000000000008e+00,7.796680000000000277e+00,7.710749999999999993e+00,7.624679999999999680e+00,7.540339999999999598e+00,7.455849999999999866e+00,7.371419999999999639e+00,7.287209999999999965e+00,7.203100000000000058e+00,7.119320000000000093e+00,7.036679999999999602e+00,6.954110000000000014e+00,6.871760000000000090e+00,6.789500000000000313e+00,6.707290000000000418e+00,6.624559999999999782e+00,6.541190000000000282e+00,6.457639999999999603e+00,6.374869999999999592e+00,6.292500000000000426e+00,6.210779999999999745e+00,6.129529999999999923e+00,6.048420000000000130e+00,5.967740000000000045e+00,5.888180000000000192e+00,5.809000000000000163e+00,5.724370000000000402e+00,5.637540000000000440e+00,5.549059999999999881e+00,5.461159999999999570e+00,5.374139999999999695e+00,5.287770000000000081e+00,5.201220000000000176e+00,5.115179999999999616e+00,5.030890000000000306e+00,4.947409999999999641e+00,4.863909999999999734e+00,4.781159999999999854e+00,4.700129999999999697e+00,4.619939999999999714e+00,4.539769999999999861e+00,4.460519999999999818e+00,4.383049999999999891e+00,4.304999999999999716e+00,4.229420000000000179e+00,4.154080000000000439e+00,4.080219999999999736e+00,4.007579999999999920e+00,3.936879999999999935e+00,3.866589999999999971e+00,3.793499999999999872e+00,3.720470000000000166e+00,3.658440000000000136e+00,3.597850000000000215e+00,3.535010000000000208e+00,3.473629999999999995e+00,3.413139999999999841e+00,3.354309999999999903e+00,3.297880000000000145e+00,3.243240000000000123e+00,3.185509999999999842e+00,3.128109999999999946e+00,3.058949999999999836e+00,2.991190000000000015e+00,2.925749999999999851e+00,2.860440000000000094e+00,2.797849999999999948e+00,2.737179999999999946e+00,2.677270000000000039e+00,2.619489999999999874e+00,2.565669999999999895e+00,2.510870000000000157e+00,2.460519999999999818e+00,2.412300000000000111e+00,2.366179999999999950e+00,2.322319999999999940e+00,2.279879999999999907e+00,2.239970000000000017e+00,2.205140000000000100e+00,2.173669999999999991e+00,2.008239999999999803e+00,2.074930000000000163e+00,2.052579999999999849e+00,2.033510000000000151e+00,2.015960000000000196e+00,2.001720000000000166e+00,1.993000000000000105e+00,1.987409999999999899e+00,1.984329999999999927e+00,1.984029999999999960e+00,1.987780000000000102e+00,1.994580000000000020e+00,2.003890000000000171e+00,2.017180000000000195e+00,2.033510000000000151e+00,2.052680000000000060e+00,2.074699999999999989e+00,2.099330000000000140e+00,2.117500000000000160e+00,2.137210000000000054e+00,2.143400000000000194e+00,2.152849999999999930e+00,2.159990000000000077e+00,2.168940000000000090e+00,2.181119999999999948e+00,2.195969999999999978e+00,2.181179999999999897e+00,2.169329999999999981e+00,2.138339999999999907e+00,2.112750000000000128e+00,2.077080000000000037e+00,2.044849999999999834e+00,2.012030000000000207e+00,1.982240000000000002e+00,1.829900000000000082e+00,1.880859999999999976e+00,1.855069999999999997e+00,1.833839999999999915e+00,1.819339999999999957e+00,1.809700000000000086e+00,1.801220000000000043e+00,1.797279999999999989e+00,1.804750000000000076e+00,1.816370000000000040e+00,1.829830000000000068e+00,1.847399999999999931e+00,1.869650000000000034e+00,1.894980000000000109e+00,1.927130000000000010e+00,1.962760000000000060e+00,1.871559999999999890e+00,1.864419999999999966e+00,1.918390000000000040e+00,2.044560000000000155e+00,2.052350000000000119e+00,2.062730000000000175e+00,2.047390000000000043e+00,2.090969999999999995e+00,2.109809999999999963e+00,2.125379999999999825e+00,2.103169999999999984e+00,2.086110000000000131e+00,2.072350000000000136e+00,2.065710000000000157e+00,2.061949999999999950e+00,2.068779999999999841e+00,2.063899999999999846e+00,2.066139999999999866e+00,2.060820000000000096e+00,2.061069999999999958e+00,2.056979999999999809e+00,2.060379999999999878e+00,2.054790000000000116e+00,2.062539999999999818e+00,2.054840000000000000e+00,2.053220000000000045e+00,2.060280000000000111e+00,2.071730000000000071e+00,2.090339999999999865e+00,2.114300000000000068e+00,2.113560000000000105e+00,2.114040000000000141e+00,2.112410000000000121e+00,2.112849999999999895e+00,2.103460000000000107e+00,2.129859999999999864e+00,2.143839999999999968e+00,2.158749999999999947e+00,2.279279999999999973e+00,4.137550000000000061e+00,7.834979999999999833e+00,1.197755000000000081e+01,1.353783999999999921e+01,8.482580000000000453e+00,3.899700000000000166e+00,2.629090000000000149e+00,2.306589999999999918e+00,2.140530000000000044e+00,2.075559999999999850e+00,1.974089999999999900e+00,1.936979999999999924e+00,1.901250000000000107e+00,1.883969999999999922e+00,1.887520000000000087e+00,1.908860000000000001e+00,1.911510000000000042e+00,1.926290000000000058e+00,1.923079999999999901e+00,1.928139999999999965e+00,1.932430000000000092e+00,1.945910000000000029e+00,1.967000000000000082e+00,1.995300000000000074e+00,2.019579999999999931e+00,2.045399999999999885e+00,2.050149999999999917e+00,2.059349999999999792e+00,2.061609999999999943e+00,2.106549999999999923e+00,2.120559999999999778e+00,2.142689999999999984e+00,2.144769999999999843e+00,2.191570000000000018e+00,2.210290000000000088e+00,2.220340000000000202e+00,2.212540000000000173e+00,2.210129999999999928e+00,2.210749999999999993e+00,2.216130000000000155e+00,2.223720000000000141e+00,2.235689999999999955e+00,2.218840000000000146e+00,2.198580000000000201e+00,2.176579999999999959e+00,2.156859999999999999e+00,2.139499999999999957e+00,2.124480000000000146e+00,2.112530000000000019e+00,2.103369999999999962e+00,2.096760000000000179e+00,2.092119999999999980e+00,2.091769999999999907e+00,2.093809999999999949e+00,2.097389999999999866e+00,2.103769999999999918e+00,2.114440000000000097e+00,2.126669999999999838e+00,2.128309999999999924e+00,2.131380000000000052e+00,2.058510000000000062e+00,2.002629999999999910e+00,1.939419999999999922e+00,1.885930000000000106e+00,1.839210000000000012e+00,1.801909999999999901e+00,1.763149999999999995e+00,1.730429999999999913e+00,1.704690000000000039e+00,1.688989999999999991e+00,1.678230000000000111e+00,1.672500000000000098e+00,1.630090000000000039e+00,1.599590000000000067e+00,1.574289999999999967e+00,1.568719999999999892e+00,1.577900000000000080e+00,1.660560000000000036e+00,1.727440000000000087e+00,1.801460000000000061e+00,2.044610000000000039e+00,2.897250000000000103e+00,6.124209999999999710e+00,1.045827000000000062e+01,1.580034000000000027e+01,2.123269000000000162e+01,2.070909999999999940e+01,1.562506999999999913e+01,1.067727000000000004e+01,6.532680000000000042e+00,3.041900000000000048e+00,1.562680000000000069e+00,1.327180000000000026e+00,1.393440000000000012e+00,1.460900000000000087e+00,1.523940000000000072e+00,1.589509999999999978e+00,1.671489999999999920e+00,1.754340000000000011e+00,1.804240000000000066e+00,1.856740000000000057e+00,1.846270000000000078e+00,1.840789999999999926e+00,1.825479999999999992e+00,1.914900000000000047e+00,1.937769999999999992e+00,2.161350000000000104e+00,2.211640000000000050e+00,2.268470000000000208e+00,2.286719999999999864e+00,2.345340000000000202e+00,2.329330000000000123e+00,2.315500000000000114e+00,2.301400000000000112e+00,2.293320000000000025e+00,2.270080000000000098e+00,2.264759999999999884e+00,2.175819999999999865e+00,2.085780000000000189e+00,1.997130000000000072e+00,1.909850000000000048e+00,1.790119999999999933e+00,1.755249999999999977e+00,1.692630000000000079e+00,1.636800000000000033e+00,1.555879999999999930e+00,1.474900000000000100e+00,1.394479999999999942e+00,1.323439999999999950e+00,1.251209999999999933e+00,1.181529999999999969e+00,1.114729999999999999e+00,1.045500000000000096e+00,9.911799999999999500e-01,9.345499999999999918e-01,8.746899999999999675e-01,8.173899999999999499e-01,7.618599999999999817e-01,7.091100000000000181e-01,6.595999999999999641e-01,6.131199999999999983e-01,5.697799999999999532e-01,5.299300000000000122e-01,4.631299999999999861e-01,3.977700000000000125e-01,3.376299999999999857e-01,2.824099999999999944e-01,2.308900000000000119e-01,1.849600000000000133e-01,1.463000000000000134e-01,1.142999999999999988e-01,8.833000000000000573e-02,6.894999999999999740e-02,5.820000000000000173e-02,5.553999999999999909e-02,3.890799999999999814e-01,2.340090000000000003e+00,6.513480000000000381e+00,1.075915999999999961e+01,1.356484999999999985e+01,9.116229999999999833e+00,5.194149999999999601e+00,3.340170000000000083e+00,2.521059999999999857e+00,2.332790000000000141e+00,2.226100000000000190e+00,1.852039999999999909e+00,1.668439999999999923e+00,1.733980000000000077e+00,1.818240000000000078e+00,1.886989999999999945e+00,1.954429999999999890e+00,2.007490000000000219e+00,2.063019999999999854e+00,2.079410000000000203e+00,2.093580000000000219e+00,2.092839999999999812e+00,2.098619999999999930e+00,2.095009999999999817e+00,2.096579999999999888e+00,2.098959999999999937e+00,2.106300000000000061e+00,2.104480000000000128e+00,2.109239999999999782e+00,2.100229999999999819e+00,2.093399999999999928e+00,2.072200000000000042e+00,2.057840000000000114e+00,2.025500000000000078e+00,1.999330000000000052e+00,1.992879999999999985e+00,1.988259999999999916e+00,1.984070000000000000e+00,1.984439999999999982e+00,1.990850000000000009e+00,2.001599999999999824e+00,2.015550000000000175e+00,2.033440000000000136e+00,2.044360000000000177e+00,2.058100000000000041e+00,2.075260000000000105e+00,2.096389999999999976e+00,2.122939999999999827e+00,2.151710000000000012e+00,2.184769999999999879e+00,2.221200000000000063e+00,2.244209999999999816e+00,2.267160000000000064e+00,2.241179999999999950e+00,2.223570000000000046e+00,2.156620000000000203e+00,2.090749999999999886e+00,2.025749999999999940e+00,1.962769999999999904e+00,1.903359999999999941e+00,1.845490000000000075e+00,1.783169999999999922e+00,1.723570000000000046e+00,1.639229999999999965e+00,1.555069999999999952e+00,1.472849999999999993e+00,1.390970000000000040e+00,1.311109999999999998e+00,1.232029999999999959e+00,1.151529999999999943e+00,1.071769999999999889e+00,9.940400000000000347e-01,9.174299999999999677e-01,8.429900000000000171e-01,7.699399999999999578e-01,7.014500000000000179e-01,6.336199999999999610e-01,5.689600000000000213e-01,5.082799999999999541e-01,4.513300000000000090e-01,3.977899999999999769e-01,3.491299999999999959e-01,3.046800000000000064e-01,2.649400000000000088e-01,2.322299999999999920e-01,2.050899999999999945e-01,1.862499999999999989e-01,1.629299999999999915e-01,1.444499999999999951e-01,1.277300000000000102e-01,1.155599999999999961e-01,8.952999999999999847e-02,6.840999999999999859e-02,5.219000000000000028e-02,4.189999999999999974e-02,3.656000000000000222e-02,3.722000000000000308e-02,3.609999999999999928e-03,6.017000000000000126e-02,6.819000000000000061e-02,5.003199999999999870e-01,5.157399999999999762e-01,5.370800000000000018e-01,5.640199999999999658e-01,5.928200000000000136e-01,6.292900000000000160e-01,6.683299999999999796e-01,6.975099999999999634e-01,7.295399999999999663e-01,7.588500000000000245e-01,7.921500000000000208e-01,8.324500000000000233e-01,8.769900000000000473e-01,9.283200000000000340e-01,9.836399999999999588e-01,1.041220000000000034e+00,1.103639999999999954e+00,1.174160000000000093e+00,1.247049999999999992e+00,1.308910000000000018e+00,1.372859999999999969e+00,1.282909999999999995e+00,2.185989999999999878e+00,3.834200000000000053e+00,6.731919999999999682e+00,1.151862000000000030e+01,1.657591999999999999e+01,1.840314000000000050e+01,1.383292999999999928e+01,9.565160000000000551e+00,6.540580000000000283e+00,3.854750000000000121e+00,1.279009999999999980e+00,2.743900000000000228e-01,2.643599999999999839e-01,2.601600000000000024e-01,2.631499999999999950e-01,2.721600000000000130e-01,2.768900000000000250e-01,2.850500000000000256e-01,2.885900000000000132e-01,2.958299999999999819e-01,3.080600000000000005e-01,3.249000000000000221e-01,3.461099999999999732e-01,3.715399999999999814e-01,4.021899999999999920e-01,4.367300000000000071e-01,4.747999999999999998e-01,5.153999999999999693e-01,5.580800000000000205e-01,6.031699999999999839e-01,6.565800000000000525e-01,7.128600000000000492e-01,7.694900000000000073e-01,8.286900000000000377e-01,8.905800000000000383e-01,9.544300000000000006e-01,1.014310000000000045e+00,1.076440000000000063e+00,1.135129999999999972e+00,1.195470000000000033e+00,1.255020000000000024e+00,1.316489999999999938e+00,1.381539999999999990e+00,1.448609999999999953e+00,1.518350000000000088e+00,1.589939999999999909e+00,1.663049999999999917e+00,1.737700000000000022e+00,1.813399999999999901e+00,1.889869999999999939e+00,1.970669999999999922e+00,2.049700000000000077e+00,2.122860000000000191e+00,2.196800000000000086e+00,2.196810000000000151e+00,2.197330000000000005e+00,2.174199999999999910e+00,2.153319999999999901e+00,2.137080000000000091e+00,2.122619999999999951e+00,2.101059999999999928e+00,2.081300000000000150e+00,2.056810000000000027e+00,2.038229999999999986e+00,2.024449999999999861e+00,2.035280000000000200e+00,2.039639999999999898e+00,2.046590000000000131e+00,2.055349999999999788e+00,2.066629999999999967e+00,2.072169999999999845e+00,2.076509999999999856e+00,2.075000000000000178e+00,2.076839999999999797e+00,2.081360000000000099e+00,2.089249999999999829e+00,2.088709999999999845e+00,2.093939999999999912e+00,2.121160000000000156e+00,2.153570000000000206e+00,2.104169999999999874e+00,2.061910000000000132e+00,2.008560000000000123e+00,1.958360000000000101e+00,1.899399999999999977e+00,1.842940000000000023e+00,1.789800000000000058e+00,1.737659999999999982e+00,1.689710000000000045e+00,1.643829999999999902e+00,1.601350000000000051e+00,1.561669999999999892e+00,1.521940000000000071e+00,1.484979999999999967e+00,1.421089999999999964e+00,1.358859999999999957e+00,1.299909999999999899e+00,1.243700000000000028e+00,1.190530000000000088e+00,1.140840000000000076e+00,1.094370000000000065e+00,1.051709999999999923e+00,1.013840000000000074e+00,9.772399999999999975e-01,9.481500000000000483e-01,9.230000000000000426e-01,8.886199999999999655e-01,8.522999999999999465e-01,8.129300000000000415e-01,7.745699999999999807e-01,7.411299999999999555e-01,7.104500000000000259e-01,6.846999999999999753e-01,6.621799999999999908e-01,6.369700000000000362e-01,6.115399999999999725e-01,5.784399999999999542e-01,5.506799999999999473e-01,5.279899999999999594e-01,5.115499999999999492e-01,5.016399999999999748e-01,4.970100000000000073e-01,4.955800000000000205e-01,5.009900000000000464e-01,5.102100000000000524e-01,5.240799999999999903e-01,1.722639999999999949e+00,3.628750000000000142e+00,6.139009999999999856e+00,9.436669999999999447e+00,1.399541999999999931e+01,1.892160000000000153e+01,2.157420000000000115e+01,1.663901999999999859e+01,1.181854000000000049e+01,8.438810000000000144e+00,5.325540000000000163e+00,3.349699999999999900e+00,2.691800000000000193e+00,2.588200000000000056e+00,2.537259999999999849e+00,2.475820000000000132e+00,2.420049999999999812e+00,2.382400000000000073e+00,2.354350000000000165e+00,2.309930000000000039e+00,2.272089999999999943e+00,2.220849999999999991e+00,2.189130000000000020e+00,2.176909999999999901e+00,2.187780000000000058e+00,2.159990000000000077e+00,2.155780000000000030e+00,2.165129999999999999e+00,2.196769999999999889e+00,2.186939999999999884e+00,2.182199999999999918e+00,2.157379999999999853e+00,2.134520000000000195e+00,2.115549999999999820e+00,2.102419999999999956e+00,2.093399999999999928e+00,2.090110000000000134e+00,2.082829999999999959e+00,2.080589999999999939e+00,2.073890000000000011e+00,2.069249999999999812e+00,2.070539999999999825e+00,2.075169999999999959e+00,2.048760000000000137e+00,2.025199999999999889e+00,2.006679999999999797e+00,1.993999999999999995e+00,1.991039999999999921e+00,1.993959999999999955e+00,1.950069999999999970e+00,1.952749999999999986e+00,1.929270000000000040e+00,1.910560000000000036e+00,1.899310000000000054e+00,1.892249999999999988e+00,1.891929999999999890e+00,1.897149999999999892e+00,1.908949999999999925e+00,1.925980000000000025e+00,1.948520000000000030e+00,1.976320000000000077e+00,2.010099999999999998e+00,2.048669999999999991e+00,2.053490000000000038e+00,2.061010000000000009e+00,2.053580000000000183e+00,2.047039999999999971e+00,2.043179999999999996e+00,2.042720000000000091e+00,2.023590000000000000e+00,2.003859999999999975e+00,1.972339999999999982e+00,1.950110000000000010e+00,1.937079999999999913e+00,1.932579999999999965e+00,1.894740000000000091e+00,1.914779999999999927e+00,1.864630000000000010e+00,1.801660000000000039e+00,1.730509999999999993e+00,1.664439999999999920e+00,1.470329999999999915e+00,1.603239999999999998e+00,1.540200000000000014e+00,1.976269999999999971e+00,4.824430000000000440e+00,8.266410000000000480e+00,1.229747000000000057e+01,1.660979000000000028e+01,1.933339000000000141e+01,1.504795999999999978e+01,1.093774999999999942e+01,7.265200000000000102e+00,4.740140000000000242e+00,4.193130000000000024e+00,4.191119999999999735e+00,4.116270000000000095e+00,4.042150000000000354e+00,3.965520000000000156e+00,3.890019999999999811e+00,3.818290000000000184e+00,3.748130000000000184e+00,3.668120000000000047e+00,3.589379999999999793e+00,3.531550000000000189e+00,3.477360000000000007e+00,3.413489999999999913e+00,3.351039999999999797e+00,3.276120000000000143e+00,3.200419999999999821e+00,3.127639999999999976e+00,3.057010000000000005e+00,2.984410000000000007e+00,2.906070000000000153e+00,2.831770000000000120e+00,2.761150000000000215e+00,2.693589999999999929e+00,2.629900000000000126e+00,2.570780000000000065e+00,2.515919999999999934e+00,2.459169999999999856e+00,2.405860000000000110e+00,2.355780000000000207e+00,2.309689999999999799e+00,2.269179999999999975e+00,2.232079999999999842e+00,2.200250000000000039e+00,2.173099999999999810e+00,2.149099999999999788e+00,2.129859999999999864e+00,2.117469999999999963e+00,2.110090000000000021e+00,2.095380000000000020e+00,2.084830000000000183e+00,2.061220000000000052e+00,2.041119999999999823e+00,2.020950000000000024e+00,2.004410000000000025e+00,1.986050000000000093e+00,1.982990000000000030e+00,1.976080000000000059e+00,1.972560000000000091e+00,1.972820000000000018e+00,1.976159999999999917e+00,1.970809999999999951e+00,1.964050000000000074e+00,1.954560000000000075e+00,1.949000000000000066e+00,1.947500000000000009e+00,1.948800000000000088e+00,1.947750000000000092e+00,1.961719999999999908e+00,1.969170000000000087e+00,1.986310000000000020e+00,1.986890000000000045e+00,1.990529999999999911e+00,1.995389999999999997e+00,2.003849999999999909e+00,2.016160000000000174e+00,2.032049999999999912e+00,2.040960000000000107e+00,2.054019999999999957e+00,2.050269999999999815e+00,2.049910000000000121e+00,2.044410000000000061e+00,2.041189999999999838e+00,2.042110000000000092e+00,2.045319999999999805e+00,2.047489999999999810e+00,2.051180000000000003e+00,2.053630000000000067e+00,2.058689999999999909e+00,2.064779999999999838e+00,2.070949999999999847e+00,2.086050000000000182e+00,2.104070000000000107e+00,2.118990000000000151e+00,2.135269999999999779e+00,2.137370000000000214e+00,2.141760000000000108e+00,2.146030000000000104e+00,2.153090000000000170e+00,2.161700000000000177e+00,2.173070000000000057e+00,2.158770000000000078e+00,2.144589999999999996e+00,2.120690000000000186e+00,2.098889999999999922e+00,2.083369999999999944e+00,2.071159999999999890e+00,2.026209999999999845e+00,2.002240000000000020e+00,1.995319999999999983e+00,2.020840000000000192e+00,2.091559999999999864e+00,2.255059999999999842e+00,2.229929999999999968e+00,2.194580000000000197e+00,2.165579999999999838e+00,2.150770000000000071e+00,2.138799999999999812e+00,2.136969999999999814e+00,2.385250000000000092e+00,3.897289999999999921e+00,5.856279999999999930e+00,8.319000000000000838e+00,1.275483999999999973e+01,1.754495999999999967e+01,2.117930000000000135e+01,1.725337000000000032e+01,1.348956000000000088e+01,9.269339999999999691e+00,5.925049999999999706e+00,3.440380000000000216e+00,2.852980000000000071e+00,2.781620000000000203e+00,2.714309999999999778e+00,2.651489999999999903e+00,2.593770000000000131e+00,2.542800000000000171e+00,2.493459999999999788e+00,2.442120000000000068e+00,2.394509999999999916e+00,2.338659999999999961e+00,2.282010000000000094e+00,2.099219999999999864e+00,2.147699999999999942e+00,2.131689999999999863e+00,2.121480000000000032e+00,2.089350000000000041e+00,2.060929999999999929e+00,2.043979999999999908e+00,2.031680000000000152e+00,2.018740000000000201e+00,2.009310000000000151e+00,2.004379999999999828e+00,2.003309999999999924e+00,2.006260000000000154e+00,2.013100000000000112e+00,2.011390000000000011e+00,2.015820000000000167e+00,1.994950000000000001e+00,1.985950000000000104e+00,1.933210000000000095e+00,1.888139999999999930e+00,1.852030000000000065e+00,1.822510000000000074e+00,1.800329999999999986e+00,1.785390000000000033e+00,1.778669999999999973e+00,1.780939999999999968e+00,1.777349999999999985e+00,1.924639999999999906e+00,1.920490000000000030e+00,1.927130000000000010e+00,1.949410000000000087e+00,1.976550000000000029e+00,2.012669999999999959e+00,2.056210000000000093e+00,2.091270000000000184e+00,2.131110000000000060e+00,2.109350000000000058e+00,2.146059999999999857e+00,2.149420000000000108e+00,2.197330000000000005e+00,2.205470000000000041e+00,2.244159999999999933e+00,2.278389999999999915e+00,2.315069999999999961e+00,2.326589999999999936e+00,2.324370000000000047e+00,2.294890000000000096e+00,2.266560000000000130e+00,2.238999999999999879e+00,2.212229999999999919e+00,2.187940000000000218e+00,2.166230000000000100e+00,2.147069999999999812e+00,2.130209999999999937e+00,2.115730000000000111e+00,2.103530000000000122e+00,2.094770000000000021e+00,2.087880000000000180e+00,2.077449999999999797e+00,2.069170000000000176e+00,2.055750000000000188e+00,2.045389999999999819e+00,2.011239999999999917e+00,1.979689999999999950e+00,1.952569999999999917e+00,1.926730000000000054e+00,1.904430000000000067e+00,1.884740000000000082e+00,1.867350000000000065e+00,1.852629999999999999e+00,1.840030000000000054e+00,1.830259999999999998e+00,1.825639999999999930e+00,1.822980000000000045e+00,1.814049999999999940e+00,1.851210000000000022e+00,1.891080000000000094e+00,1.941550000000000109e+00,1.962660000000000071e+00,1.986289999999999889e+00,2.012760000000000105e+00,2.041889999999999983e+00,2.072499999999999787e+00,2.106020000000000003e+00,2.143120000000000136e+00,2.182910000000000128e+00,2.225299999999999834e+00,2.270220000000000127e+00,2.316730000000000178e+00,2.362060000000000048e+00,2.416619999999999990e+00,2.472980000000000178e+00,2.517830000000000013e+00,2.564610000000000056e+00,2.635069999999999801e+00,2.704870000000000108e+00,2.765289999999999804e+00,2.826150000000000162e+00,2.858389999999999986e+00,2.991289999999999782e+00,3.075279999999999792e+00,3.160660000000000025e+00,3.243809999999999860e+00,3.341380000000000017e+00,4.600730000000000430e+00,6.801210000000000200e+00,1.131269999999999953e+01,1.636740999999999957e+01,1.728428999999999860e+01,1.188795000000000002e+01,7.056140000000000079e+00,5.063530000000000086e+00,3.780879999999999797e+00,2.570040000000000102e+00,2.548259999999999970e+00,2.487909999999999844e+00,2.428910000000000124e+00,2.372549999999999937e+00,2.318420000000000147e+00,2.267240000000000144e+00,2.218750000000000000e+00,2.173779999999999824e+00,2.131600000000000161e+00,2.095509999999999984e+00,2.062069999999999848e+00,2.029630000000000045e+00,2.001459999999999795e+00,1.770820000000000061e+00,1.765379999999999949e+00,1.761810000000000098e+00,1.761439999999999895e+00,1.630049999999999999e+00,1.713870000000000005e+00,1.761530000000000040e+00,1.811390000000000056e+00,1.856770000000000032e+00,1.904670000000000085e+00,1.951359999999999983e+00,2.002200000000000202e+00,2.017440000000000122e+00,2.033920000000000172e+00,2.029939999999999856e+00,2.029049999999999798e+00,1.987999999999999989e+00,1.950080000000000036e+00,1.914190000000000058e+00,1.884330000000000060e+00,1.857679999999999998e+00,1.835800000000000098e+00,1.729470000000000063e+00,1.813919999999999977e+00,1.823839999999999906e+00,1.840789999999999926e+00,1.859599999999999920e+00,1.885490000000000110e+00,1.916269999999999918e+00,1.952649999999999997e+00,1.983540000000000081e+00,2.019000000000000128e+00,2.023239999999999927e+00,2.032560000000000144e+00,1.988869999999999916e+00,1.951249999999999929e+00,1.932600000000000096e+00,1.988830000000000098e+00,2.017889999999999961e+00,2.153599999999999959e+00,2.188759999999999817e+00,2.230760000000000076e+00,2.220139999999999780e+00,2.213989999999999903e+00,2.204909999999999926e+00,2.198490000000000055e+00,2.194770000000000110e+00,2.193729999999999958e+00,2.180019999999999847e+00,2.169859999999999900e+00,2.141140000000000043e+00,2.115050000000000097e+00,2.092719999999999914e+00,2.073129999999999917e+00,2.043429999999999858e+00,2.021339999999999915e+00,1.982529999999999903e+00,1.946139999999999981e+00,1.898509999999999920e+00,1.885880000000000001e+00,1.864179999999999948e+00,1.847069999999999990e+00,1.832270000000000065e+00,1.821930000000000049e+00,1.814240000000000075e+00,1.809090000000000087e+00,1.799719999999999986e+00,1.793250000000000011e+00,1.784399999999999986e+00,1.778759999999999897e+00,1.774980000000000002e+00,1.775169999999999915e+00,1.779449999999999976e+00,1.787570000000000103e+00,1.797760000000000025e+00,1.811940000000000106e+00,1.831890000000000018e+00,1.854819999999999913e+00,1.879450000000000065e+00,1.907149999999999901e+00,1.937210000000000099e+00,1.970760000000000067e+00,1.980099999999999971e+00,1.991819999999999924e+00,2.006209999999999827e+00,2.024070000000000036e+00,2.042339999999999822e+00,2.063730000000000064e+00,2.079969999999999875e+00,2.115639999999999965e+00,2.146929999999999783e+00,2.181059999999999999e+00,2.216930000000000067e+00,2.254550000000000054e+00,2.294550000000000090e+00,2.336079999999999934e+00,2.382859999999999978e+00,2.430559999999999832e+00,2.480220000000000091e+00,2.531449999999999978e+00,2.585240000000000204e+00,2.640449999999999964e+00,2.697020000000000195e+00,2.754700000000000149e+00,2.816300000000000026e+00,2.879430000000000156e+00,2.943369999999999820e+00,3.008750000000000036e+00,3.013939999999999841e+00,3.657039999999999846e+00,4.612090000000000245e+00,6.520819999999999617e+00,1.038807000000000080e+01,1.468454000000000015e+01,1.583216000000000001e+01,1.180943000000000076e+01,8.008820000000000050e+00,4.976490000000000080e+00,3.298059999999999992e+00,3.176849999999999952e+00,3.160829999999999806e+00,3.083969999999999878e+00,3.008869999999999933e+00,2.936679999999999957e+00,2.866429999999999811e+00,2.797769999999999868e+00,2.731230000000000047e+00,2.595569999999999933e+00,2.522100000000000009e+00,2.196180000000000021e+00,2.281080000000000219e+00,2.236419999999999852e+00,2.194679999999999964e+00,2.156460000000000043e+00,2.121329999999999938e+00,2.069980000000000153e+00,2.021160000000000068e+00,1.911610000000000031e+00,1.970129999999999937e+00,1.968599999999999905e+00,1.970970000000000111e+00,1.961140000000000105e+00,1.953500000000000014e+00,1.933610000000000051e+00,1.916390000000000038e+00,1.895699999999999941e+00,1.880409999999999915e+00,1.855410000000000004e+00,1.834680000000000089e+00,1.814670000000000005e+00,1.799260000000000081e+00,1.787579999999999947e+00,1.780650000000000066e+00,1.778149999999999897e+00,1.780419999999999892e+00,1.785670000000000091e+00,1.795209999999999972e+00,1.803500000000000103e+00,1.816670000000000007e+00,1.837690000000000046e+00,1.868989999999999929e+00,1.903929999999999900e+00,1.945880000000000054e+00,1.987300000000000066e+00,2.032109999999999861e+00,2.081920000000000215e+00,2.134360000000000035e+00,2.190929999999999822e+00,2.249950000000000117e+00,2.260889999999999844e+00,2.266989999999999839e+00,2.258980000000000210e+00,2.252510000000000012e+00,2.228540000000000187e+00,2.207539999999999836e+00,2.162869999999999848e+00,2.123990000000000045e+00,2.089440000000000186e+00,2.059229999999999894e+00,2.034469999999999779e+00,2.014339999999999797e+00,1.996760000000000090e+00,1.983230000000000048e+00,1.980180000000000051e+00,1.983230000000000048e+00,1.987460000000000004e+00,1.996669999999999945e+00,2.008989999999999831e+00,2.021399999999999864e+00,2.040700000000000180e+00,2.066129999999999800e+00,2.036719999999999864e+00,2.008770000000000167e+00,1.968089999999999895e+00,1.929850000000000065e+00,1.891860000000000097e+00,1.851720000000000033e+00,1.799129999999999896e+00,1.782520000000000104e+00,1.762259999999999938e+00,1.745319999999999983e+00,1.727740000000000054e+00,1.711549999999999905e+00,1.705689999999999928e+00,1.703950000000000076e+00,1.698539999999999939e+00,1.695920000000000094e+00,1.698020000000000085e+00,1.702329999999999899e+00,1.706900000000000084e+00,1.713819999999999899e+00,1.721770000000000023e+00,1.733049999999999979e+00,1.747999999999999998e+00,1.763339999999999907e+00,1.779660000000000020e+00,1.796799999999999953e+00,1.812589999999999923e+00,1.829439999999999955e+00,1.842810000000000059e+00,1.859730000000000105e+00,1.879119999999999902e+00,1.902169999999999916e+00,1.929130000000000011e+00,1.959179999999999922e+00,1.989069999999999894e+00,2.019610000000000127e+00,2.050629999999999953e+00,2.081949999999999967e+00,2.117399999999999949e+00,2.155330000000000190e+00,2.188029999999999919e+00,2.225610000000000088e+00,2.280600000000000183e+00,2.336009999999999920e+00,2.340339999999999865e+00,2.467750000000000110e+00,2.535969999999999835e+00,2.619479999999999809e+00,2.690780000000000172e+00,2.772079999999999878e+00,2.733880000000000088e+00,3.640750000000000153e+00,6.878309999999999924e+00,1.121183000000000085e+01,1.506121000000000087e+01,1.906330000000000169e+01,1.955144999999999911e+01,1.510276999999999958e+01,1.092073000000000071e+01,7.356690000000000396e+00,4.143410000000000259e+00,3.012239999999999807e+00,2.873159999999999936e+00,2.804850000000000065e+00,2.736089999999999911e+00,2.672359999999999847e+00,2.607810000000000183e+00,2.545490000000000030e+00,2.484020000000000117e+00,2.424150000000000027e+00,2.365909999999999958e+00,2.259799999999999809e+00,2.270340000000000025e+00,2.230859999999999843e+00,2.193169999999999842e+00,2.158389999999999809e+00,2.125189999999999912e+00,2.096769999999999801e+00,2.071460000000000079e+00,2.049710000000000143e+00,2.031320000000000014e+00,2.017539999999999889e+00,2.006170000000000009e+00,2.001739999999999853e+00,1.998639999999999972e+00,1.713310000000000111e+00,1.853720000000000034e+00,1.830079999999999929e+00,1.813199999999999923e+00,1.796950000000000047e+00,1.784119999999999928e+00,1.768040000000000056e+00,1.754380000000000051e+00,1.745849999999999902e+00,1.740769999999999929e+00,1.736569999999999947e+00,1.735270000000000090e+00,1.740499999999999936e+00,1.748369999999999980e+00,1.758850000000000025e+00,1.771740000000000093e+00,1.786299999999999999e+00,1.802170000000000050e+00,1.827930000000000055e+00,1.855679999999999996e+00,1.884980000000000100e+00,1.917489999999999917e+00,1.913780000000000037e+00,2.000960000000000072e+00,2.049549999999999983e+00,2.100680000000000103e+00,2.146739999999999871e+00,2.195160000000000000e+00,2.224219999999999864e+00,2.255459999999999798e+00,2.222690000000000055e+00,2.197470000000000034e+00,2.153640000000000221e+00,2.115940000000000154e+00,2.069749999999999979e+00,2.044010000000000105e+00,2.020960000000000090e+00,1.998429999999999929e+00,1.946209999999999996e+00,1.892630000000000035e+00,1.823129999999999917e+00,1.755400000000000071e+00,1.634570000000000078e+00,1.862659999999999982e+00,1.858829999999999982e+00,1.857129999999999947e+00,1.823849999999999971e+00,1.793230000000000102e+00,1.752650000000000041e+00,1.714190000000000103e+00,1.669389999999999930e+00,1.627110000000000056e+00,1.587690000000000046e+00,1.551560000000000050e+00,1.519200000000000106e+00,1.490760000000000085e+00,1.465640000000000054e+00,1.444649999999999990e+00,1.421959999999999891e+00,1.397860000000000102e+00,1.370479999999999920e+00,1.346540000000000070e+00,1.328109999999999902e+00,1.313160000000000105e+00,1.303590000000000027e+00,1.298089999999999966e+00,1.299430000000000085e+00,1.304529999999999967e+00,1.304429999999999978e+00,1.308769999999999989e+00,1.289369999999999905e+00,1.334089999999999998e+00,1.356899999999999995e+00,1.383150000000000102e+00,1.406700000000000061e+00,1.431059999999999999e+00,1.460129999999999928e+00,1.493170000000000108e+00,1.530180000000000096e+00,1.571150000000000047e+00,1.601520000000000055e+00,1.634190000000000031e+00,1.658860000000000001e+00,1.684790000000000010e+00,1.713359999999999994e+00,1.744050000000000100e+00,1.777989999999999959e+00,1.813909999999999911e+00,1.853609999999999980e+00,1.893880000000000008e+00,1.935089999999999977e+00,1.977789999999999937e+00,2.022510000000000030e+00,2.068620000000000125e+00,2.119000000000000217e+00,2.171310000000000073e+00,2.225150000000000183e+00,2.280769999999999964e+00,2.338400000000000034e+00,2.397380000000000067e+00,2.457050000000000178e+00,2.517860000000000209e+00,2.568709999999999827e+00,2.621170000000000222e+00,2.674539999999999917e+00,2.729449999999999932e+00,2.787360000000000060e+00,2.847370000000000179e+00,2.909269999999999801e+00,2.971569999999999823e+00,3.036490000000000133e+00,3.102840000000000042e+00,3.170970000000000066e+00,3.240149999999999864e+00,3.310579999999999856e+00,3.382029999999999870e+00,3.456059999999999910e+00,3.530159999999999965e+00,3.605339999999999989e+00,3.681729999999999947e+00,3.759659999999999780e+00,3.838150000000000173e+00,3.919099999999999806e+00,3.998780000000000001e+00,4.080269999999999619e+00,4.162670000000000314e+00,4.246730000000000338e+00,4.331470000000000375e+00,4.378940000000000055e+00,4.765130000000000088e+00,5.339369999999999727e+00,6.757299999999999862e+00,1.062219999999999942e+01,1.545754999999999946e+01,1.197052000000000049e+01,7.797259999999999636e+00,4.163070000000000270e+00,2.687889999999999890e+00,2.461339999999999861e+00,2.413030000000000008e+00,2.380459999999999798e+00,2.335999999999999854e+00,2.324669999999999792e+00,2.302500000000000213e+00,2.287119999999999820e+00,2.227780000000000094e+00,2.218189999999999884e+00,2.206280000000000019e+00,2.201880000000000059e+00,2.189579999999999860e+00,2.181430000000000202e+00,2.176390000000000047e+00,2.175720000000000098e+00,2.173970000000000180e+00,2.175539999999999807e+00,2.178279999999999994e+00,2.184390000000000054e+00,2.177299999999999791e+00,2.172509999999999941e+00,2.163809999999999789e+00,2.160559999999999814e+00,2.163510000000000044e+00,2.172120000000000051e+00,2.158160000000000078e+00,2.143089999999999939e+00,2.101329999999999920e+00,2.061749999999999972e+00,2.024430000000000174e+00,2.004010000000000069e+00,1.972280000000000033e+00,1.943000000000000060e+00,1.945230000000000015e+00,1.961710000000000065e+00,1.952309999999999990e+00,1.946409999999999973e+00,1.925880000000000036e+00,1.908169999999999922e+00,1.894039999999999946e+00,1.882759999999999989e+00,1.873699999999999921e+00,1.867289999999999894e+00,1.854770000000000030e+00,1.844400000000000039e+00,1.835800000000000098e+00,1.829939999999999900e+00,1.828019999999999978e+00,1.828449999999999909e+00,1.831539999999999946e+00,1.837650000000000006e+00,1.819649999999999990e+00,1.802149999999999919e+00,1.784759999999999902e+00,1.771220000000000017e+00,1.759130000000000082e+00,1.750529999999999919e+00,1.746210000000000040e+00,1.745819999999999927e+00,1.744599999999999929e+00,1.920299999999999896e+00,1.934940000000000104e+00,1.948299999999999921e+00,1.969260000000000010e+00,1.989910000000000068e+00,2.015280000000000182e+00,2.041139999999999954e+00,2.071369999999999933e+00,2.103720000000000034e+00,2.139330000000000176e+00,2.175759999999999916e+00,2.198100000000000165e+00,2.222080000000000055e+00,2.245449999999999946e+00,2.269899999999999807e+00,2.290259999999999962e+00,2.313569999999999904e+00,2.340650000000000119e+00,2.369330000000000158e+00,2.401310000000000056e+00,2.434769999999999879e+00,2.470499999999999918e+00,2.508410000000000029e+00,2.549329999999999874e+00,2.592299999999999827e+00,2.636610000000000120e+00,2.683139999999999858e+00,2.731469999999999843e+00,2.781890000000000196e+00,2.833390000000000075e+00,2.886789999999999967e+00,2.929190000000000182e+00,2.972539999999999960e+00,3.014339999999999797e+00,3.056849999999999845e+00,3.099580000000000002e+00,3.144089999999999829e+00,3.194129999999999914e+00,3.244619999999999838e+00,3.295749999999999957e+00,3.348529999999999784e+00,3.403810000000000002e+00,3.460620000000000029e+00,3.517700000000000049e+00,3.576179999999999914e+00,3.636849999999999916e+00,3.698459999999999859e+00,3.760689999999999866e+00,3.823970000000000091e+00,3.888889999999999958e+00,3.954899999999999860e+00,4.022540000000000227e+00,4.090060000000000251e+00,4.159950000000000259e+00,4.230380000000000251e+00,4.302550000000000097e+00,4.372840000000000060e+00,4.446360000000000312e+00,4.520570000000000199e+00,4.505539999999999878e+00,4.776169999999999582e+00,5.171459999999999724e+00,5.989790000000000170e+00,8.486929999999999197e+00,1.162618999999999936e+01,1.581819999999999915e+01,2.054116000000000142e+01,2.190456000000000003e+01,1.765362000000000009e+01,1.382596999999999987e+01,1.118750000000000000e+01,9.536770000000000636e+00,8.980330000000000368e+00,8.957589999999999719e+00,8.866939999999999600e+00,8.775529999999999831e+00,8.685200000000000031e+00,8.595110000000000028e+00,8.505039999999999267e+00,8.414199999999999235e+00,8.325120000000000076e+00,8.236370000000000857e+00,8.146699999999999164e+00,8.057190000000000296e+00,7.970349999999999824e+00,7.882240000000000357e+00,7.795630000000000059e+00,7.706690000000000040e+00,7.612449999999999939e+00,7.518580000000000041e+00,7.423049999999999926e+00,7.316600000000000215e+00,7.232230000000000381e+00,7.147710000000000008e+00,7.056420000000000137e+00,6.965620000000000367e+00,6.868260000000000254e+00,6.771749999999999936e+00,6.672550000000000203e+00,6.573850000000000193e+00,6.482319999999999638e+00,6.391289999999999694e+00,6.297500000000000320e+00,6.204329999999999679e+00,6.112630000000000230e+00,6.019120000000000026e+00,5.927999999999999936e+00,5.835130000000000372e+00,5.747099999999999653e+00,5.659989999999999633e+00,5.547640000000000349e+00,5.482440000000000424e+00,5.384199999999999875e+00,5.319989999999999775e+00,5.236250000000000071e+00,5.153789999999999871e+00,5.072840000000000238e+00,4.993149999999999977e+00,4.912650000000000183e+00,4.838879999999999626e+00,4.762579999999999814e+00,4.687459999999999738e+00,4.606630000000000003e+00,4.520950000000000024e+00,4.429120000000000168e+00,4.337559999999999860e+00,4.246380000000000265e+00,4.157099999999999795e+00,4.067809999999999704e+00,3.979260000000000019e+00,3.890940000000000065e+00,3.803259999999999863e+00,3.718370000000000175e+00,3.634450000000000180e+00,3.530650000000000066e+00,3.448360000000000092e+00,2.958279999999999799e+00,2.908370000000000122e+00,2.612950000000000106e+00,2.743399999999999839e+00,2.666720000000000201e+00,2.591639999999999944e+00,2.519149999999999778e+00,2.448529999999999873e+00,2.380809999999999871e+00,2.315249999999999808e+00,2.250280000000000058e+00,2.187539999999999818e+00,2.128890000000000171e+00,2.072849999999999859e+00,2.018609999999999793e+00,1.967140000000000111e+00,1.918679999999999941e+00,1.873240000000000016e+00,1.832989999999999897e+00,1.793660000000000032e+00,1.760979999999999990e+00,1.730029999999999957e+00,1.703209999999999891e+00,1.680150000000000032e+00,1.662150000000000016e+00,1.646190000000000042e+00,1.629750000000000032e+00,1.616659999999999986e+00,1.603660000000000085e+00,1.594039999999999901e+00,1.588240000000000096e+00,1.585480000000000000e+00,1.586780000000000079e+00,1.591539999999999955e+00,1.598970000000000002e+00,1.609410000000000007e+00,1.611920000000000019e+00,1.617380000000000040e+00,1.626270000000000104e+00,1.638039999999999941e+00,1.653750000000000053e+00,1.672730000000000050e+00,1.693589999999999929e+00,1.716979999999999951e+00,1.739600000000000035e+00,1.761630000000000029e+00,1.778429999999999955e+00,1.797020000000000062e+00,1.793220000000000036e+00,1.796359999999999957e+00,1.825620000000000021e+00,1.861010000000000053e+00,1.834610000000000074e+00,1.882819999999999938e+00,1.871189999999999909e+00,1.864290000000000003e+00,1.863450000000000051e+00,1.867760000000000087e+00,1.877850000000000019e+00,1.893680000000000030e+00,1.852719999999999922e+00,1.948760000000000048e+00,1.988050000000000095e+00,2.028939999999999966e+00,2.066879999999999828e+00,2.109430000000000138e+00,2.151670000000000194e+00,2.200439999999999952e+00,2.244979999999999976e+00,2.292030000000000012e+00,2.299549999999999983e+00,2.314220000000000166e+00,2.335580000000000211e+00,2.363680000000000003e+00,2.357260000000000133e+00,2.353670000000000151e+00,2.333149999999999835e+00,2.314960000000000129e+00,2.300469999999999793e+00,2.287040000000000184e+00,2.272860000000000102e+00,2.259609999999999896e+00,2.222659999999999858e+00,2.187980000000000036e+00,2.153610000000000024e+00,2.121859999999999857e+00,2.097640000000000171e+00,2.077240000000000197e+00,2.053570000000000118e+00,2.033520000000000216e+00,2.016300000000000203e+00,2.002679999999999794e+00,1.988779999999999992e+00,1.985740000000000061e+00,1.956730000000000080e+00,1.931280000000000108e+00,1.901629999999999932e+00,1.875089999999999923e+00,1.837720000000000020e+00,1.838230000000000031e+00,1.831590000000000051e+00,1.830740000000000034e+00,1.835369999999999946e+00,1.845860000000000056e+00,1.859949999999999992e+00,1.878640000000000088e+00,1.896190000000000042e+00,1.917229999999999990e+00,1.924549999999999983e+00,1.935410000000000075e+00,1.952210000000000001e+00,1.969400000000000039e+00,1.989360000000000017e+00,2.012090000000000156e+00,2.039699999999999847e+00,2.069939999999999891e+00,2.088900000000000201e+00,2.109510000000000218e+00,2.128210000000000157e+00,2.148680000000000145e+00,2.172930000000000028e+00,2.197830000000000172e+00,2.225000000000000089e+00,2.254830000000000112e+00,2.290779999999999816e+00,2.327989999999999782e+00,2.366880000000000095e+00,2.406870000000000065e+00,2.451080000000000148e+00,2.496309999999999807e+00,2.544130000000000003e+00,2.593949999999999978e+00,2.645129999999999981e+00,2.698170000000000179e+00,2.754160000000000164e+00,2.811840000000000117e+00,2.870239999999999903e+00,2.930019999999999847e+00,3.089999999999999858e+00,3.975459999999999994e+00,7.052080000000000126e+00,1.095340000000000025e+01,1.438313999999999915e+01,1.813823999999999970e+01,1.990072999999999936e+01,1.559257000000000026e+01,1.152726000000000006e+01,7.835090000000000110e+00,5.180600000000000094e+00,4.053200000000000358e+00,3.245940000000000047e+00,2.849709999999999965e+00,2.781620000000000203e+00,2.398670000000000080e+00,2.374579999999999913e+00,2.329829999999999846e+00,2.287770000000000081e+00,2.248839999999999950e+00,2.212450000000000028e+00,2.180390000000000050e+00,2.150409999999999933e+00,2.124019999999999797e+00,2.098580000000000112e+00,2.078739999999999810e+00,2.060550000000000104e+00,2.046539999999999804e+00,2.035159999999999858e+00,2.027810000000000112e+00,2.022409999999999819e+00,2.005030000000000090e+00,1.990990000000000038e+00,1.968920000000000003e+00,1.949319999999999942e+00,1.934730000000000061e+00,1.923480000000000079e+00,1.915680000000000049e+00,1.911119999999999930e+00,1.910930000000000017e+00,1.913170000000000037e+00,1.909459999999999935e+00,1.909019999999999939e+00,1.912940000000000085e+00,1.919780000000000042e+00,1.930940000000000101e+00,1.937440000000000051e+00,1.961000000000000076e+00,1.978609999999999980e+00,1.991530000000000022e+00,2.007080000000000197e+00,2.025970000000000049e+00,2.047349999999999781e+00,2.052919999999999856e+00,2.062980000000000036e+00,2.059450000000000003e+00,2.060249999999999915e+00,1.974040000000000017e+00,1.991330000000000044e+00,1.974779999999999980e+00,1.986860000000000070e+00,1.982609999999999983e+00,1.980930000000000080e+00,1.957000000000000073e+00,1.936420000000000030e+00,1.919540000000000024e+00,1.906090000000000062e+00,1.896479999999999944e+00,1.890079999999999982e+00,1.887389999999999901e+00,1.888349999999999973e+00,1.893199999999999994e+00,1.901639999999999997e+00,1.914449999999999985e+00,1.929789999999999894e+00,1.948309999999999986e+00,1.969559999999999977e+00,1.982369999999999965e+00,1.995530000000000026e+00,1.993559999999999999e+00,1.994520000000000071e+00,1.986210000000000031e+00,1.980720000000000036e+00,1.979319999999999968e+00,1.980979999999999963e+00,1.986059999999999937e+00,1.993379999999999930e+00,1.994299999999999962e+00,1.995560000000000000e+00,1.996129999999999960e+00,1.998490000000000100e+00,2.004799999999999915e+00,2.012169999999999792e+00,1.995919999999999916e+00,1.982909999999999950e+00,1.957430000000000003e+00,1.945859999999999923e+00,1.922139999999999960e+00,1.948830000000000062e+00,1.951989999999999892e+00,1.960280000000000022e+00,1.948099999999999943e+00,1.939200000000000035e+00,1.910910000000000108e+00,1.885450000000000070e+00,1.835450000000000026e+00,1.833749999999999991e+00,1.831450000000000022e+00,1.835720000000000018e+00,1.844449999999999923e+00,1.858149999999999968e+00,1.876179999999999959e+00,1.898740000000000094e+00,1.928069999999999951e+00,1.960700000000000109e+00,1.983649999999999913e+00,2.006969999999999921e+00,2.020379999999999843e+00,2.029729999999999812e+00,2.030829999999999913e+00,2.033030000000000115e+00,2.040140000000000065e+00,2.050759999999999916e+00,2.064709999999999823e+00,2.082669999999999799e+00,2.093480000000000008e+00,2.106640000000000068e+00,2.110279999999999934e+00,2.115299999999999958e+00,2.123930000000000096e+00,2.135200000000000209e+00,2.148449999999999971e+00,2.164320000000000022e+00,2.183180000000000121e+00,2.204709999999999948e+00,2.228940000000000143e+00,2.255529999999999813e+00,2.156219999999999803e+00,2.356149999999999967e+00,2.407300000000000217e+00,2.463540000000000063e+00,2.523839999999999861e+00,2.588550000000000129e+00,3.093269999999999964e+00,5.363039999999999807e+00,9.696020000000000749e+00,1.441264999999999930e+01,1.457906000000000013e+01,9.976000000000000867e+00,5.742539999999999978e+00,1.831530000000000102e+00,1.212000000000000056e-02,1.322000000000000085e-02,2.027999999999999942e-02,3.923000000000000098e-02,6.350000000000000089e-02,9.128999999999999615e-02,1.237499999999999989e-01,1.453000000000000125e-01,1.700399999999999967e-01,1.947399999999999964e-01,2.234599999999999920e-01,2.588500000000000245e-01,2.994399999999999840e-01,3.357700000000000129e-01,3.764399999999999968e-01,4.212000000000000188e-01,4.697600000000000109e-01,5.173699999999999966e-01,5.851499999999999480e-01,6.433400000000000230e-01,7.043000000000000371e-01,7.664299999999999446e-01,8.310699999999999754e-01,8.977800000000000225e-01,9.647000000000000020e-01,1.035949999999999926e+00,1.107669999999999932e+00,1.181359999999999966e+00,1.256180000000000074e+00,1.333550000000000013e+00,1.413980000000000015e+00,1.487319999999999975e+00,1.560810000000000031e+00,1.615280000000000049e+00,1.672479999999999967e+00,1.717999999999999972e+00,1.767109999999999959e+00,1.812159999999999993e+00,1.858849999999999891e+00,1.906109999999999971e+00,1.955869999999999997e+00,1.993330000000000046e+00,2.026499999999999968e+00,2.028230000000000199e+00,2.042749999999999844e+00,2.049920000000000186e+00,2.064400000000000013e+00,2.053819999999999979e+00,2.047219999999999818e+00,2.052789999999999893e+00,2.062889999999999890e+00,2.058349999999999902e+00,2.043550000000000200e+00,2.014990000000000059e+00,1.991130000000000067e+00,1.971289999999999987e+00,1.955740000000000034e+00,1.928830000000000044e+00,1.905899999999999928e+00,1.882589999999999986e+00,1.863909999999999956e+00,1.848209999999999908e+00,1.836449999999999916e+00,1.581620000000000026e+00,1.369969999999999910e+00,1.200679999999999970e+00,1.145510000000000028e+00,1.104540000000000077e+00,1.070559999999999956e+00,1.034270000000000023e+00,1.001500000000000057e+00,1.089890000000000025e+00,2.004529999999999923e+00,2.022520000000000095e+00,2.043950000000000156e+00,2.057990000000000208e+00,2.075180000000000025e+00,2.093069999999999986e+00,2.114790000000000170e+00,2.142560000000000020e+00,2.169210000000000083e+00,1.915159999999999973e+00,2.573970000000000091e+00,4.858620000000000161e+00,8.289300000000000779e+00,1.379623999999999917e+01,1.952355000000000018e+01,2.190315000000000012e+01,1.723318000000000083e+01,1.278534999999999933e+01,9.133219999999999672e+00,6.345909999999999940e+00,4.941029999999999589e+00,4.738749999999999574e+00,4.658669999999999867e+00,4.580029999999999824e+00,4.501829999999999998e+00,4.424559999999999604e+00,4.349249999999999616e+00,4.274879999999999569e+00,4.203459999999999752e+00,4.132909999999999862e+00,4.065159999999999663e+00,3.997970000000000024e+00,3.924160000000000093e+00,3.851449999999999818e+00,3.777979999999999894e+00,3.708530000000000104e+00,3.641849999999999810e+00,3.577630000000000088e+00,3.516910000000000203e+00,3.457939999999999792e+00,3.403039999999999843e+00,3.351620000000000044e+00,3.304769999999999985e+00,3.261350000000000193e+00,3.218010000000000037e+00,3.177900000000000169e+00,3.133970000000000145e+00,3.092319999999999958e+00,3.053490000000000038e+00,3.017100000000000115e+00,2.983480000000000132e+00,2.952329999999999899e+00,2.924640000000000128e+00,2.899420000000000108e+00,2.876050000000000217e+00,2.855410000000000004e+00,2.837349999999999817e+00,2.822090000000000209e+00,2.808349999999999902e+00,2.796129999999999782e+00,2.782719999999999860e+00,2.771819999999999951e+00,2.767570000000000086e+00,2.765649999999999942e+00,2.766560000000000130e+00,2.770589999999999886e+00,2.778000000000000025e+00,2.788429999999999964e+00,2.804209999999999869e+00,2.820230000000000015e+00,2.762589999999999879e+00,2.708309999999999995e+00,2.638879999999999892e+00,2.571099999999999941e+00,2.467360000000000220e+00,2.452449999999999797e+00,2.400640000000000107e+00,2.347750000000000004e+00,2.289660000000000029e+00,2.233260000000000023e+00,2.182350000000000012e+00,2.134069999999999911e+00,2.086640000000000050e+00,2.040620000000000100e+00,1.995270000000000099e+00,1.952380000000000004e+00,1.902979999999999894e+00,1.856049999999999978e+00,1.811029999999999918e+00,1.766389999999999905e+00,1.720280000000000031e+00,1.675019999999999953e+00,1.654889999999999972e+00,1.637669999999999959e+00,1.612249999999999961e+00,1.588649999999999896e+00,1.569989999999999997e+00,1.554179999999999895e+00,1.542370000000000019e+00,1.533840000000000092e+00,1.518340000000000023e+00,1.505270000000000108e+00,1.488089999999999913e+00,1.473950000000000093e+00,1.444150000000000045e+00,1.414099999999999913e+00,1.381329999999999947e+00,1.352330000000000032e+00,1.326840000000000019e+00,1.302759999999999918e+00,1.276899999999999924e+00,1.255830000000000002e+00,1.234629999999999894e+00,1.220949999999999980e+00,1.214020000000000099e+00,1.216660000000000075e+00,1.185859999999999914e+00,1.161550000000000082e+00,1.125990000000000046e+00,1.097190000000000110e+00,1.074770000000000003e+00,1.059949999999999948e+00,1.050559999999999938e+00,1.045700000000000074e+00,1.049800000000000066e+00,1.059109999999999996e+00,1.074410000000000087e+00,1.095099999999999962e+00,1.121739999999999959e+00,1.154099999999999904e+00,1.190690000000000026e+00,1.231549999999999923e+00,1.278270000000000017e+00,1.328699999999999992e+00,1.378409999999999913e+00,1.432069999999999954e+00,1.488329999999999931e+00,1.548380000000000090e+00,2.012379999999999836e+00,3.727629999999999999e+00,7.595329999999999693e+00,1.185383999999999993e+01,1.602123999999999882e+01,2.054139999999999944e+01,1.985510999999999981e+01,1.476145999999999958e+01,9.831239999999999313e+00,6.486710000000000420e+00,3.895570000000000199e+00,2.355370000000000186e+00,1.877960000000000074e+00,1.823909999999999920e+00,1.773840000000000083e+00,1.728539999999999965e+00,1.688409999999999966e+00,1.654169999999999918e+00,1.625529999999999919e+00,1.602209999999999912e+00,1.584789999999999921e+00,1.573399999999999910e+00,1.567160000000000108e+00,1.555260000000000087e+00,1.552189999999999959e+00,1.546489999999999920e+00,1.552669999999999995e+00,1.570040000000000102e+00,1.599469999999999947e+00,1.630910000000000082e+00,1.691480000000000095e+00,1.730679999999999996e+00,1.777449999999999974e+00,1.739090000000000025e+00,1.807169999999999943e+00,1.834279999999999911e+00,1.863140000000000018e+00,1.848549999999999915e+00,1.839860000000000051e+00,1.807830000000000048e+00,1.837399999999999922e+00,1.839879999999999960e+00,1.848570000000000046e+00,1.850710000000000077e+00,1.895699999999999941e+00,1.936909999999999910e+00,1.977079999999999949e+00,2.024820000000000064e+00,2.076490000000000169e+00,2.108169999999999877e+00,2.144569999999999865e+00,2.156550000000000189e+00,2.178490000000000038e+00,2.137659999999999894e+00,2.226519999999999833e+00,2.283420000000000005e+00,2.348090000000000011e+00,2.343210000000000015e+00,2.338200000000000056e+00,2.323830000000000062e+00,2.312009999999999899e+00,2.301759999999999806e+00,2.294570000000000221e+00,2.290099999999999802e+00,2.288409999999999833e+00,2.280149999999999899e+00,2.273730000000000029e+00,2.251920000000000144e+00,2.232610000000000205e+00,2.217330000000000023e+00,2.204720000000000013e+00,2.193979999999999819e+00,2.186179999999999790e+00,2.174710000000000143e+00,2.166110000000000202e+00,2.150040000000000173e+00,2.136810000000000098e+00,2.127580000000000027e+00,2.119429999999999925e+00,2.114559999999999995e+00,2.112480000000000135e+00,2.114430000000000032e+00,2.118459999999999788e+00,2.125440000000000218e+00,2.134489999999999998e+00,2.144829999999999792e+00,2.157849999999999824e+00,2.178630000000000067e+00,2.197919999999999874e+00,2.221550000000000136e+00,2.246459999999999901e+00,2.274179999999999868e+00,2.304349999999999898e+00,2.336899999999999977e+00,2.371770000000000156e+00,2.398709999999999898e+00,2.428020000000000067e+00,2.453879999999999839e+00,2.482590000000000074e+00,2.513199999999999878e+00,2.546739999999999782e+00,2.578619999999999912e+00,2.613109999999999822e+00,2.651809999999999778e+00,2.694350000000000023e+00,2.740320000000000089e+00,2.788310000000000066e+00,2.839719999999999800e+00,2.893339999999999801e+00,2.944090000000000096e+00,2.997459999999999791e+00,3.038940000000000197e+00,3.082300000000000040e+00,3.127940000000000165e+00,3.175079999999999902e+00,3.226199999999999957e+00,3.277779999999999916e+00,3.330960000000000143e+00,3.383700000000000152e+00,3.445170000000000066e+00,3.508080000000000087e+00,3.570160000000000000e+00,3.633820000000000050e+00,3.699590000000000156e+00,3.766869999999999941e+00,3.833849999999999980e+00,3.906270000000000131e+00,3.979459999999999997e+00,4.052089999999999748e+00,4.113100000000000200e+00,4.175959999999999894e+00,4.240260000000000140e+00,4.306300000000000239e+00,4.376030000000000086e+00,4.443380000000000329e+00,4.515259999999999607e+00,4.588969999999999771e+00,4.664740000000000109e+00,4.741909999999999847e+00,4.818939999999999557e+00,4.896880000000000344e+00,4.967640000000000278e+00,5.039530000000000065e+00,5.758659999999999890e+00,7.981200000000000294e+00,1.165930999999999962e+01,1.602650999999999826e+01,2.037848999999999933e+01,1.459360999999999997e+01,9.077450000000000685e+00,5.597749999999999559e+00,3.261699999999999822e+00,2.680499999999999883e+00,2.552480000000000082e+00,2.496360000000000134e+00,2.445699999999999985e+00,2.400749999999999940e+00,2.362550000000000150e+00,2.321720000000000006e+00,2.280899999999999928e+00,2.225330000000000030e+00,2.171899999999999942e+00,2.119959999999999845e+00,2.070009999999999906e+00,1.851380000000000026e+00,1.925030000000000019e+00,1.941289999999999960e+00,1.968329999999999913e+00,1.972909999999999942e+00,1.982949999999999990e+00,1.996320000000000094e+00,2.016340000000000021e+00,2.035350000000000215e+00,2.057939999999999880e+00,2.078739999999999810e+00,2.102770000000000028e+00,2.129500000000000171e+00,2.159450000000000092e+00,2.189649999999999874e+00,2.217950000000000088e+00,2.232050000000000090e+00,2.249509999999999899e+00,2.238360000000000127e+00,2.231920000000000126e+00,2.229459999999999997e+00,2.231650000000000134e+00,2.227040000000000131e+00,2.225540000000000074e+00,2.227860000000000174e+00,2.233369999999999855e+00,2.239110000000000156e+00,2.248279999999999834e+00,2.248979999999999979e+00,2.272120000000000140e+00,2.293899999999999828e+00,2.318909999999999805e+00,2.312650000000000095e+00,2.306779999999999831e+00,2.303329999999999878e+00,2.302220000000000155e+00,2.304609999999999825e+00,2.310420000000000140e+00,2.295790000000000219e+00,2.290709999999999802e+00,2.293309999999999960e+00,2.306239999999999846e+00,2.310480000000000089e+00,2.315760000000000041e+00,2.301190000000000069e+00,2.289460000000000051e+00,2.265649999999999942e+00,2.243879999999999875e+00,2.219079999999999941e+00,2.196989999999999998e+00,2.179260000000000197e+00,2.164010000000000211e+00,2.148820000000000174e+00,2.136470000000000091e+00,2.128579999999999917e+00,2.123610000000000220e+00,2.119130000000000180e+00,2.117680000000000007e+00,2.088249999999999940e+00,2.065150000000000041e+00,2.046670000000000211e+00,2.034569999999999990e+00,2.031839999999999868e+00,2.035909999999999886e+00,2.027769999999999850e+00,2.091270000000000184e+00,2.133500000000000174e+00,2.177630000000000177e+00,2.175870000000000193e+00,3.000859999999999861e+00,5.211299999999999599e+00,8.368840000000000501e+00,1.358403999999999989e+01,1.904915000000000092e+01,1.780992000000000175e+01,1.220229999999999926e+01,6.906749999999999723e+00,3.749270000000000103e+00,2.416040000000000187e+00,2.221779999999999866e+00,2.173230000000000217e+00,2.108810000000000073e+00,2.052900000000000169e+00,1.765889999999999960e+00,1.708820000000000006e+00,1.731200000000000072e+00,1.766359999999999930e+00,1.814640000000000031e+00,1.873199999999999976e+00,1.924639999999999906e+00,1.980599999999999916e+00,2.004649999999999821e+00,2.031439999999999912e+00,2.038829999999999920e+00,2.049619999999999997e+00,2.067180000000000017e+00,2.087759999999999838e+00,2.110050000000000203e+00,2.134040000000000159e+00,2.164870000000000072e+00,2.199609999999999843e+00,2.219479999999999897e+00,2.240359999999999907e+00,2.253800000000000026e+00,2.278140000000000054e+00,2.302379999999999871e+00,2.328269999999999840e+00,2.334360000000000213e+00,2.345050000000000079e+00,2.343729999999999869e+00,2.344899999999999984e+00,2.322410000000000085e+00,2.302500000000000213e+00,2.279920000000000169e+00,2.260470000000000201e+00,2.239489999999999981e+00,2.219990000000000130e+00,2.201719999999999899e+00,2.181529999999999969e+00,2.146700000000000053e+00,2.116509999999999891e+00,2.088989999999999903e+00,2.066170000000000062e+00,2.032859999999999889e+00,2.004319999999999879e+00,1.977989999999999915e+00,1.955089999999999995e+00,1.934180000000000010e+00,1.916120000000000045e+00,1.901520000000000099e+00,1.890099999999999891e+00,1.881080000000000085e+00,1.875299999999999967e+00,1.876049999999999995e+00,1.877499999999999947e+00,1.883780000000000010e+00,1.892290000000000028e+00,1.904970000000000052e+00,1.921089999999999964e+00,1.939410000000000078e+00,1.960690000000000044e+00,1.985679999999999890e+00,2.013580000000000148e+00,2.018850000000000033e+00,2.023499999999999854e+00,2.031210000000000182e+00,2.042330000000000201e+00,2.040830000000000144e+00,2.087689999999999824e+00,2.121739999999999959e+00,2.158539999999999903e+00,2.280609999999999804e+00,2.664029999999999898e+00,4.890150000000000219e+00,8.168559999999999377e+00,1.169209000000000032e+01,1.550188999999999950e+01,1.563006000000000029e+01,1.059442999999999913e+01,6.044539999999999580e+00,4.105249999999999844e+00,3.222679999999999989e+00,3.069240000000000190e+00,2.943239999999999856e+00,2.811370000000000147e+00,2.775430000000000064e+00,2.714679999999999982e+00,2.654889999999999972e+00,2.599540000000000184e+00,2.547180000000000000e+00,2.497710000000000097e+00,2.451159999999999783e+00,2.407680000000000042e+00,2.367309999999999803e+00,2.332079999999999931e+00,2.299259999999999859e+00,2.270910000000000206e+00,2.246140000000000025e+00,2.214449999999999807e+00,2.185169999999999835e+00,2.148629999999999818e+00,2.113700000000000134e+00,2.082430000000000003e+00,2.053640000000000132e+00,2.023019999999999818e+00,1.995009999999999950e+00,1.960869999999999891e+00,1.930360000000000076e+00,1.902760000000000007e+00,1.879150000000000098e+00,1.859779999999999989e+00,1.844060000000000032e+00,1.832619999999999916e+00,1.825569999999999915e+00,1.821839999999999904e+00,1.822449999999999903e+00,1.815260000000000096e+00,1.812589999999999923e+00,1.802319999999999922e+00,1.795970000000000066e+00,1.780850000000000044e+00,1.772710000000000008e+00,1.761109999999999953e+00,1.758539999999999992e+00,1.764489999999999892e+00,1.780040000000000067e+00,1.806869999999999976e+00,1.836370000000000058e+00,1.873750000000000027e+00,1.915950000000000042e+00,1.938439999999999941e+00,1.964790000000000036e+00,1.995249999999999968e+00,2.028220000000000134e+00,2.060779999999999834e+00,2.094279999999999919e+00,2.119520000000000071e+00,2.146520000000000206e+00,2.171660000000000146e+00,2.200070000000000192e+00,2.232499999999999929e+00,2.267100000000000115e+00,2.304640000000000022e+00,2.344209999999999905e+00,2.376020000000000021e+00,2.409990000000000077e+00,2.384500000000000064e+00,2.360720000000000152e+00,2.337940000000000129e+00,2.317429999999999879e+00,2.298659999999999926e+00,2.281109999999999971e+00,2.266480000000000050e+00,2.251930000000000209e+00,2.243689999999999962e+00,2.238090000000000135e+00,2.234389999999999876e+00,2.233330000000000037e+00,2.235149999999999970e+00,2.237909999999999844e+00,2.239930000000000199e+00,2.243920000000000137e+00,2.254739999999999966e+00,2.267939999999999845e+00,2.271920000000000162e+00,2.279770000000000074e+00,2.289670000000000094e+00,2.302529999999999966e+00,2.276460000000000150e+00,2.254939999999999944e+00,2.217890000000000139e+00,2.183279999999999887e+00,2.167219999999999924e+00,2.151009999999999867e+00,2.132460000000000022e+00,2.116120000000000001e+00,2.103130000000000166e+00,2.092410000000000103e+00,2.085119999999999862e+00,2.080690000000000150e+00,2.072560000000000180e+00,2.065529999999999866e+00,2.047330000000000094e+00,2.032119999999999926e+00,2.018670000000000186e+00,2.008049999999999891e+00,2.000960000000000072e+00,1.996820000000000039e+00,1.996909999999999963e+00,1.998520000000000074e+00,1.992250000000000076e+00,1.989209999999999923e+00,1.873839999999999950e+00,2.223009999999999931e+00,2.672400000000000109e+00,4.626280000000000392e+00,8.437490000000000379e+00,1.295872999999999919e+01,1.724293000000000120e+01,1.244003999999999976e+01,7.839640000000000164e+00,3.783300000000000107e+00,6.756600000000000383e-01,-1.320199999999999985e-01,3.030000000000000141e-03,5.333999999999999853e-02,1.083199999999999996e-01,1.617200000000000026e-01,2.195499999999999952e-01,2.814099999999999935e-01,3.471899999999999986e-01,3.856899999999999773e-01,4.302599999999999758e-01,5.172900000000000276e-01,6.056599999999999762e-01,6.788199999999999790e-01,7.543600000000000305e-01,8.312800000000000189e-01,9.102999999999999980e-01,9.915399999999999769e-01,1.074019999999999975e+00,1.158060000000000089e+00,1.243230000000000057e+00,1.331059999999999910e+00,1.420050000000000034e+00,1.509220000000000006e+00,1.599520000000000053e+00,1.691079999999999917e+00,1.783160000000000078e+00,1.871420000000000083e+00,1.961659999999999959e+00,2.000799999999999912e+00,2.048989999999999867e+00,2.076130000000000031e+00,2.115190000000000126e+00,2.142929999999999779e+00,2.175450000000000106e+00,2.213270000000000071e+00,2.255450000000000177e+00,2.273299999999999876e+00,2.300009999999999888e+00,2.273569999999999869e+00,2.252050000000000107e+00,2.228720000000000034e+00,2.211409999999999876e+00,2.201119999999999965e+00,2.195790000000000131e+00,2.195250000000000146e+00,2.204239999999999977e+00,2.216959999999999820e+00,2.235390000000000210e+00,2.237179999999999946e+00,2.242539999999999978e+00,2.163330000000000197e+00,2.085269999999999957e+00,1.971009999999999929e+00,1.863779999999999992e+00,1.765409999999999924e+00,1.713070000000000093e+00,1.610190000000000010e+00,1.643410000000000037e+00,1.575269999999999948e+00,1.508890000000000065e+00,1.444679999999999964e+00,1.382479999999999931e+00,1.321769999999999889e+00,1.263319999999999999e+00,1.209349999999999925e+00,1.155310000000000059e+00,1.105469999999999953e+00,1.058319999999999927e+00,1.006280000000000063e+00,9.581499999999999462e-01,9.137399999999999967e-01,8.739500000000000046e-01,8.357700000000000129e-01,8.026100000000000456e-01,7.723499999999999810e-01,7.477200000000000513e-01,7.213800000000000212e-01,7.160100000000000353e-01,7.042000000000000481e-01,6.988900000000000112e-01,7.043000000000000371e-01,7.153000000000000469e-01,7.280900000000000150e-01,7.460799999999999654e-01,7.559200000000000363e-01,7.761000000000000121e-01,7.553100000000000369e-01,7.476000000000000423e-01,7.135200000000000431e-01,6.878400000000000070e-01,6.372100000000000541e-01,6.692299999999999915e-01,6.067000000000000171e-01,6.795099999999999474e-01,6.766600000000000392e-01,6.918600000000000305e-01,7.075200000000000378e-01,7.341999999999999638e-01,7.392300000000000537e-01,7.718000000000000416e-01,7.491100000000000536e-01,7.393999999999999462e-01,7.052699999999999525e-01,6.820500000000000451e-01,6.461700000000000221e-01,6.218799999999999883e-01,5.872500000000000497e-01,1.136069999999999913e+00,3.873170000000000002e+00,7.896849999999999703e+00,1.280216000000000065e+01,1.741516000000000020e+01,2.004344999999999999e+01,1.434319999999999951e+01,8.896050000000000679e+00,5.310990000000000322e+00,2.460580000000000211e+00,1.528659999999999908e+00,1.358360000000000012e+00,1.341760000000000064e+00,1.333139999999999992e+00,1.329420000000000046e+00,1.333239999999999981e+00,1.345469999999999944e+00,1.365119999999999889e+00,1.390749999999999931e+00,1.423370000000000024e+00,1.463009999999999922e+00,1.508150000000000102e+00,1.559190000000000076e+00,1.614570000000000061e+00,1.630079999999999973e+00,1.647880000000000011e+00,1.665030000000000010e+00,1.687149999999999928e+00,1.714860000000000051e+00,1.747049999999999992e+00,1.785940000000000083e+00,1.827430000000000110e+00,1.872800000000000020e+00,1.921810000000000018e+00,1.981270000000000087e+00,2.039309999999999956e+00,2.101059999999999928e+00,2.166389999999999816e+00,2.232509999999999994e+00,2.300170000000000048e+00,2.343490000000000073e+00,2.388259999999999827e+00,2.403550000000000075e+00,2.418449999999999989e+00,2.440690000000000026e+00,2.462930000000000064e+00,2.473580000000000112e+00,2.487540000000000084e+00,2.464129999999999932e+00,2.441120000000000179e+00,2.417699999999999960e+00,2.397149999999999892e+00,2.379129999999999967e+00,2.363970000000000127e+00,2.335710000000000175e+00,2.308030000000000026e+00,2.282480000000000064e+00,2.260040000000000049e+00,2.228909999999999947e+00,2.200769999999999893e+00,2.169080000000000119e+00,2.141309999999999825e+00,2.103779999999999983e+00,2.067159999999999886e+00,2.032890000000000086e+00,2.002339999999999787e+00,1.977389999999999981e+00,1.954730000000000079e+00,1.935019999999999962e+00,1.918009999999999993e+00,1.905450000000000088e+00,1.896810000000000107e+00,1.891499999999999959e+00,1.888379999999999947e+00,1.889990000000000059e+00,1.893699999999999939e+00,1.883739999999999970e+00,1.879780000000000006e+00,1.861869999999999914e+00,1.848770000000000024e+00,1.818040000000000100e+00,1.789940000000000087e+00,1.749889999999999946e+00,1.711529999999999996e+00,1.674979999999999913e+00,1.641110000000000069e+00,1.611019999999999897e+00,1.622560000000000002e+00,1.607679999999999998e+00,1.596570000000000045e+00,1.589010000000000034e+00,1.585429999999999895e+00,1.586889999999999912e+00,1.592889999999999917e+00,1.602579999999999893e+00,1.617180000000000062e+00,1.631850000000000023e+00,1.650239999999999929e+00,1.677810000000000024e+00,1.708830000000000071e+00,1.741509999999999891e+00,1.777709999999999901e+00,1.795760000000000023e+00,1.815700000000000092e+00,1.836270000000000069e+00,1.859680000000000000e+00,1.881669999999999954e+00,1.905410000000000048e+00,1.919839999999999991e+00,1.939329999999999998e+00,1.955109999999999904e+00,1.973840000000000039e+00,1.989630000000000010e+00,2.008459999999999912e+00,2.032010000000000094e+00,2.056989999999999874e+00,2.088389999999999969e+00,2.122770000000000046e+00,2.159390000000000143e+00,2.198780000000000179e+00,2.242189999999999905e+00,2.287080000000000002e+00,2.333709999999999951e+00,2.380419999999999980e+00,2.431189999999999962e+00,2.483890000000000153e+00,2.538889999999999869e+00,2.595270000000000188e+00,2.654739999999999878e+00,2.715599999999999792e+00,2.778989999999999849e+00,2.843890000000000029e+00,2.909730000000000150e+00,2.977339999999999876e+00,2.646349999999999980e+00,3.415080000000000116e+00,5.137909999999999755e+00,7.977330000000000254e+00,1.279720000000000013e+01,1.761091000000000051e+01,1.925720000000000098e+01,1.416286000000000023e+01,9.377810000000000201e+00,5.811139999999999972e+00,3.587070000000000203e+00,2.901549999999999851e+00,2.717859999999999943e+00,2.665410000000000057e+00,2.615460000000000118e+00,2.566650000000000098e+00,2.522069999999999812e+00,2.479929999999999968e+00,2.437860000000000138e+00,2.382089999999999819e+00,2.328730000000000189e+00,2.277969999999999828e+00,2.229499999999999815e+00,2.159549999999999859e+00,2.091819999999999791e+00,1.971729999999999983e+00,1.932549999999999990e+00,1.863599999999999923e+00,1.799080000000000013e+00,1.752129999999999965e+00,1.712839999999999918e+00,1.675140000000000073e+00,1.644320000000000004e+00,1.623150000000000093e+00,1.607960000000000056e+00,1.603580000000000005e+00,1.607850000000000001e+00,1.619720000000000049e+00,1.641029999999999989e+00,1.671219999999999928e+00,1.711750000000000105e+00,1.729109999999999925e+00,1.748180000000000067e+00,1.768780000000000019e+00,1.794780000000000042e+00,1.815989999999999993e+00,1.841639999999999944e+00,1.853159999999999918e+00,1.869909999999999961e+00,1.886409999999999920e+00,1.906430000000000069e+00,1.929009999999999891e+00,1.955119999999999969e+00,1.984280000000000044e+00,2.016739999999999977e+00,2.052379999999999871e+00,2.090619999999999923e+00,2.124350000000000183e+00,2.161239999999999828e+00,2.182939999999999880e+00,2.217979999999999841e+00,2.214049999999999851e+00,2.232000000000000206e+00,2.231479999999999908e+00,2.244110000000000049e+00,2.254109999999999836e+00,2.270989999999999842e+00,2.239939999999999820e+00,2.223079999999999945e+00,2.173820000000000086e+00,2.127670000000000172e+00,2.085409999999999986e+00,2.046370000000000022e+00,2.007319999999999993e+00,1.969780000000000086e+00,1.907780000000000031e+00,1.845990000000000020e+00,1.785630000000000051e+00,1.726760000000000073e+00,1.669540000000000024e+00,1.613949999999999996e+00,1.557099999999999929e+00,1.501260000000000039e+00,1.449570000000000025e+00,1.398239999999999927e+00,1.352130000000000054e+00,1.306750000000000078e+00,1.265910000000000091e+00,1.228129999999999944e+00,1.193959999999999910e+00,1.163110000000000088e+00,1.136439999999999895e+00,1.111269999999999980e+00,1.092559999999999976e+00,1.076270000000000060e+00,1.064380000000000104e+00,1.056359999999999966e+00,1.051490000000000036e+00,1.050769999999999982e+00,1.055690000000000017e+00,1.064410000000000078e+00,1.070549999999999891e+00,1.078009999999999913e+00,1.091800000000000104e+00,1.108810000000000073e+00,1.128360000000000030e+00,1.151559999999999917e+00,1.179300000000000015e+00,1.210450000000000026e+00,1.244040000000000035e+00,1.280880000000000019e+00,1.320610000000000062e+00,1.362060000000000048e+00,1.408379999999999965e+00,1.457240000000000091e+00,1.508410000000000029e+00,1.561520000000000019e+00,1.615119999999999889e+00,1.671189999999999953e+00,1.724879999999999969e+00,1.781470000000000109e+00,1.837569999999999926e+00,1.896330000000000071e+00,1.942749999999999977e+00,1.993929999999999980e+00,2.039179999999999993e+00,2.092350000000000154e+00,2.542009999999999881e+00,3.448920000000000208e+00,5.153950000000000031e+00,8.279080000000000439e+00,1.327169999999999916e+01,1.854956999999999923e+01,1.593795000000000073e+01,1.068351999999999968e+01,5.866170000000000329e+00,3.693200000000000038e+00,2.431029999999999802e+00,1.870800000000000018e+00,1.916600000000000081e+00,1.855569999999999942e+00,1.796729999999999938e+00,1.666690000000000005e+00,1.711729999999999974e+00,1.694220000000000059e+00,1.683289999999999953e+00,1.654940000000000078e+00,1.633359999999999923e+00,1.619799999999999907e+00,1.613280000000000047e+00,1.592780000000000085e+00,1.575609999999999955e+00,1.563590000000000035e+00,1.554529999999999967e+00,1.552070000000000061e+00,1.554349999999999898e+00,1.562710000000000043e+00,1.575609999999999955e+00,1.592810000000000059e+00,1.615129999999999955e+00,1.642130000000000090e+00,1.672800000000000065e+00,1.681880000000000042e+00,1.693659999999999943e+00,1.704479999999999995e+00,1.718730000000000091e+00,1.712509999999999977e+00,1.748830000000000107e+00,1.787910000000000110e+00,1.836119999999999974e+00,1.870209999999999928e+00,1.906679999999999930e+00,1.945619999999999905e+00,1.987440000000000095e+00,2.033339999999999925e+00,2.080340000000000078e+00,2.130900000000000016e+00,2.183790000000000120e+00,2.158659999999999801e+00,2.210399999999999920e+00,2.126510000000000122e+00,2.214910000000000156e+00,2.220579999999999998e+00,2.229810000000000070e+00,2.187469999999999803e+00,2.152870000000000061e+00,2.137560000000000127e+00,2.129329999999999945e+00,2.124509999999999899e+00,2.127270000000000216e+00,2.094120000000000203e+00,2.063619999999999788e+00,2.025469999999999882e+00,1.989549999999999930e+00,1.957079999999999931e+00,1.928010000000000002e+00,1.901110000000000078e+00,1.877850000000000019e+00,1.839960000000000040e+00,1.803379999999999983e+00,1.750189999999999912e+00,1.694709999999999939e+00,1.646400000000000086e+00,1.597739999999999938e+00,1.553609999999999935e+00,1.509710000000000107e+00,1.470669999999999922e+00,1.433319999999999927e+00,1.399820000000000064e+00,1.369240000000000013e+00,1.342999999999999972e+00,1.318340000000000067e+00,1.298179999999999890e+00,1.281409999999999938e+00,1.268809999999999993e+00,1.259849999999999914e+00,1.255230000000000068e+00,1.254879999999999995e+00,1.246920000000000028e+00,1.241090000000000027e+00,1.246150000000000091e+00,1.251749999999999918e+00,1.259849999999999914e+00,1.271409999999999929e+00,1.286259999999999959e+00,1.304499999999999993e+00,1.325990000000000002e+00,1.350729999999999986e+00,1.377569999999999961e+00,1.407529999999999948e+00,1.274569999999999981e+00,1.523770000000000069e+00,1.717629999999999990e+00,1.989619999999999944e+00,2.056309999999999860e+00,2.124280000000000168e+00,2.193999999999999950e+00,2.264819999999999833e+00,2.332930000000000170e+00,2.402979999999999894e+00,2.479070000000000107e+00,2.556169999999999831e+00,2.629900000000000126e+00,2.705290000000000195e+00,2.781740000000000101e+00,2.859350000000000058e+00,2.931519999999999904e+00,3.006920000000000037e+00,3.088950000000000085e+00,3.171910000000000007e+00,3.250809999999999977e+00,3.334630000000000205e+00,3.419859999999999900e+00,3.506099999999999994e+00,4.153100000000000236e+00,6.235070000000000334e+00,9.496549999999999159e+00,1.323002999999999929e+01,1.732397999999999882e+01,2.150772999999999868e+01,1.939554000000000045e+01,1.408512999999999948e+01,8.952049999999999841e+00,4.243629999999999569e+00,2.009840000000000071e+00,1.840389999999999970e+00,1.865860000000000074e+00,1.742930000000000090e+00,1.763349999999999973e+00,1.739530000000000021e+00,1.730429999999999913e+00,1.734620000000000051e+00,1.768340000000000023e+00,1.775060000000000082e+00,1.785349999999999993e+00,1.787649999999999961e+00,1.794929999999999914e+00,1.787029999999999896e+00,1.782890000000000086e+00,1.783949999999999925e+00,1.789339999999999931e+00,1.799949999999999939e+00,1.814559999999999951e+00,1.833479999999999999e+00,1.856980000000000075e+00,1.873220000000000107e+00,1.894109999999999960e+00,1.908239999999999936e+00,1.927440000000000042e+00,1.938160000000000105e+00,1.951729999999999965e+00,1.966830000000000078e+00,1.984850000000000003e+00,2.006790000000000074e+00,2.031610000000000138e+00,2.059639999999999915e+00,2.089469999999999938e+00,2.122879999999999878e+00,2.158319999999999794e+00,2.195380000000000109e+00,2.229729999999999990e+00,2.254690000000000083e+00,2.282179999999999875e+00,2.294280000000000097e+00,2.308040000000000092e+00,2.316940000000000222e+00,2.334299999999999820e+00,2.297540000000000138e+00,2.249179999999999957e+00,2.107089999999999907e+00,2.176400000000000112e+00,2.196050000000000058e+00,2.219349999999999934e+00,2.247279999999999944e+00,2.279009999999999980e+00,2.282599999999999962e+00,2.288959999999999884e+00,2.253120000000000012e+00,2.219310000000000116e+00,2.176600000000000090e+00,2.137659999999999894e+00,2.092750000000000110e+00,2.050429999999999975e+00,1.993880000000000097e+00,1.937000000000000055e+00,1.882770000000000055e+00,1.830330000000000013e+00,1.779859999999999998e+00,1.732240000000000002e+00,1.687729999999999952e+00,1.645350000000000090e+00,1.604929999999999968e+00,1.566899999999999959e+00,1.532229999999999981e+00,1.500320000000000098e+00,1.471240000000000103e+00,1.442220000000000057e+00,1.416360000000000063e+00,1.392200000000000104e+00,1.370509999999999895e+00,1.351830000000000087e+00,1.336570000000000036e+00,1.323919999999999986e+00,1.307420000000000027e+00,1.294440000000000035e+00,1.285490000000000022e+00,1.278629999999999933e+00,1.276929999999999898e+00,1.277959999999999985e+00,1.283150000000000013e+00,1.291889999999999983e+00,1.303490000000000038e+00,1.318200000000000038e+00,1.334130000000000038e+00,1.348670000000000035e+00,1.359250000000000069e+00,1.372819999999999929e+00,1.390130000000000088e+00,1.409550000000000081e+00,1.433289999999999953e+00,1.460040000000000004e+00,1.490669999999999940e+00,1.521810000000000107e+00,1.558929999999999927e+00,1.596260000000000012e+00,1.634970000000000034e+00,1.676339999999999941e+00,1.695319999999999938e+00,1.717519999999999936e+00,1.739789999999999948e+00,1.765879999999999894e+00,1.797039999999999971e+00,1.830079999999999929e+00,1.869269999999999987e+00,1.911100000000000021e+00,1.956990000000000007e+00,2.004370000000000207e+00,1.849259999999999904e+00,2.246020000000000127e+00,2.383509999999999796e+00,2.533380000000000187e+00,2.612210000000000143e+00,2.691219999999999946e+00,2.694710000000000161e+00,3.192180000000000017e+00,4.009059999999999846e+00,5.486480000000000246e+00,1.018731999999999971e+01,1.539846000000000004e+01,1.303157999999999994e+01,8.072480000000000544e+00,3.758859999999999868e+00,2.675600000000000200e+00,2.353759999999999852e+00,2.302270000000000039e+00,2.231209999999999916e+00,1.453969999999999985e+00,1.405729999999999924e+00,1.365599999999999925e+00,1.328950000000000076e+00,1.295679999999999943e+00,1.266100000000000003e+00,1.238939999999999930e+00,1.215580000000000105e+00,1.199920000000000098e+00,1.188280000000000003e+00,1.151880000000000015e+00,1.189470000000000027e+00,1.203040000000000109e+00,1.218930000000000069e+00,1.239829999999999988e+00,1.264960000000000084e+00,1.294540000000000024e+00,1.328510000000000080e+00,1.366570000000000062e+00,1.408109999999999973e+00,1.435119999999999951e+00,1.466320000000000068e+00,1.499390000000000001e+00,1.537239999999999940e+00,1.564969999999999972e+00,1.599529999999999896e+00,1.667939999999999978e+00,1.737479999999999913e+00,1.797220000000000040e+00,1.859760000000000080e+00,1.927589999999999915e+00,1.997740000000000071e+00,2.071289999999999853e+00,2.147149999999999892e+00,2.171339999999999826e+00,2.190519999999999801e+00,2.177970000000000184e+00,2.169939999999999980e+00,2.090289999999999981e+00,2.106360000000000010e+00,2.126780000000000115e+00,2.152590000000000003e+00,2.144400000000000084e+00,2.137509999999999799e+00,2.117360000000000131e+00,2.100099999999999856e+00,2.085980000000000167e+00,2.073350000000000026e+00,2.066359999999999975e+00,2.061999999999999833e+00,2.060400000000000009e+00,2.061150000000000038e+00,2.058499999999999996e+00,2.054860000000000131e+00,2.004210000000000047e+00,1.958090000000000108e+00,1.918479999999999963e+00,1.883299999999999974e+00,1.836810000000000054e+00,1.792699999999999960e+00,1.741849999999999898e+00,1.695650000000000102e+00,1.653359999999999941e+00,1.614719999999999933e+00,1.583439999999999959e+00,1.556329999999999991e+00,1.519859999999999989e+00,1.483770000000000033e+00,1.449869999999999992e+00,1.419980000000000020e+00,1.395909999999999984e+00,1.375380000000000047e+00,1.357569999999999943e+00,1.343460000000000099e+00,1.326480000000000103e+00,1.314210000000000100e+00,1.308089999999999975e+00,1.306540000000000035e+00,1.309050000000000047e+00,1.316019999999999968e+00,1.327599999999999891e+00,1.343820000000000014e+00,1.364009999999999945e+00,1.388649999999999940e+00,1.403869999999999951e+00,1.421429999999999971e+00,1.431349999999999900e+00,1.443200000000000038e+00,1.454159999999999897e+00,1.468029999999999946e+00,1.485179999999999945e+00,1.505770000000000053e+00,1.530359999999999943e+00,1.558449999999999891e+00,1.588600000000000012e+00,1.617739999999999956e+00,1.640179999999999971e+00,1.665129999999999999e+00,1.692039999999999988e+00,1.721209999999999907e+00,1.756129999999999969e+00,1.793809999999999905e+00,1.832740000000000036e+00,1.873569999999999958e+00,1.918579999999999952e+00,1.964830000000000076e+00,2.012929999999999886e+00,2.062100000000000044e+00,2.117480000000000029e+00,2.171400000000000219e+00,2.226020000000000110e+00,2.282480000000000064e+00,2.344800000000000217e+00,2.407799999999999940e+00,2.469899999999999984e+00,2.533529999999999838e+00,2.598170000000000091e+00,2.664629999999999832e+00,2.717519999999999936e+00,2.767949999999999910e+00,2.857829999999999870e+00,2.948789999999999800e+00,3.022980000000000000e+00,3.098170000000000091e+00,3.156519999999999992e+00,3.287240000000000162e+00,3.364160000000000039e+00,3.438889999999999780e+00,3.520939999999999959e+00,3.599650000000000016e+00,3.680829999999999824e+00,3.762519999999999865e+00,3.844660000000000188e+00,3.927579999999999849e+00,4.011280000000000179e+00,4.095080000000000275e+00,4.179579999999999629e+00,4.264710000000000001e+00,4.351989999999999803e+00,4.439269999999999605e+00,4.524020000000000152e+00,4.608590000000000408e+00,4.683729999999999727e+00,4.759339999999999904e+00,4.828529999999999767e+00,4.898150000000000226e+00,4.984490000000000087e+00,5.070879999999999832e+00,5.149040000000000283e+00,5.227210000000000356e+00,5.308349999999999902e+00,5.390030000000000321e+00,5.470570000000000377e+00,5.551619999999999777e+00,5.634739999999999860e+00,5.718340000000000423e+00,5.802340000000000053e+00,5.886529999999999596e+00,5.969640000000000057e+00,6.053230000000000111e+00,6.140240000000000364e+00,6.224709999999999965e+00,6.309319999999999595e+00,6.394330000000000069e+00,6.482029999999999959e+00,6.570059999999999789e+00,6.658150000000000013e+00,6.746170000000000222e+00,6.833890000000000242e+00,6.921170000000000044e+00,7.009190000000000254e+00,7.097529999999999895e+00,7.186429999999999652e+00,7.274320000000000341e+00,7.363909999999999734e+00,7.453739999999999810e+00,7.543809999999999683e+00,7.634100000000000108e+00,7.724800000000000111e+00,7.814840000000000231e+00,7.905540000000000234e+00,7.996489999999999654e+00,8.087089999999999890e+00,8.177580000000000737e+00,8.269999999999999574e+00,8.360709999999999198e+00,8.453969999999999985e+00,8.546530000000000626e+00,8.637790000000000745e+00,8.728650000000000020e+00,8.822490000000000165e+00,8.915699999999999292e+00,9.009270000000000778e+00,9.102930000000000632e+00,9.196099999999999497e+00,9.289410000000000167e+00,9.383950000000000458e+00,9.477439999999999642e+00,9.571400000000000574e+00,9.665499999999999758e+00,9.759629999999999583e+00,9.853880000000000194e+00,9.948019999999999641e+00,1.004227999999999987e+01,1.013030000000000008e+01,1.021842999999999968e+01,1.032085000000000008e+01,1.042098999999999975e+01,1.051571999999999996e+01,1.060950000000000060e+01,1.070439999999999969e+01,1.079692000000000007e+01,1.089424999999999955e+01,1.099163000000000068e+01,1.108705999999999925e+01,1.118243999999999971e+01,1.125214000000000070e+01,1.141339999999999932e+01,1.150976999999999961e+01,1.160621000000000080e+01,1.245825999999999922e+01,1.397676000000000052e+01,1.521878000000000064e+01,1.687395000000000067e+01,1.818945000000000078e+01,1.323586000000000062e+01,8.809189999999999188e+00,5.878750000000000142e+00,3.987729999999999997e+00,3.844980000000000064e+00,3.793890000000000207e+00,3.711009999999999920e+00,3.627170000000000005e+00,3.545589999999999797e+00,3.464789999999999814e+00,3.384799999999999809e+00,3.305800000000000072e+00,3.230929999999999858e+00,3.157610000000000028e+00,3.081269999999999953e+00,3.006139999999999812e+00,2.933809999999999807e+00,2.862979999999999858e+00,2.793930000000000025e+00,2.726140000000000008e+00,2.661189999999999944e+00,2.596810000000000063e+00,2.534829999999999917e+00,2.474990000000000023e+00,2.418540000000000134e+00,2.364329999999999821e+00,2.313039999999999985e+00,2.263659999999999783e+00,2.216730000000000089e+00,2.172610000000000152e+00,2.131590000000000096e+00,2.093529999999999891e+00,2.058580000000000076e+00,2.025539999999999896e+00,1.996329999999999938e+00,1.969109999999999916e+00,1.926949999999999941e+00,1.887739999999999974e+00,1.834160000000000013e+00,1.782690000000000108e+00,1.733870000000000022e+00,1.688190000000000079e+00,1.645070000000000032e+00,1.605290000000000106e+00,1.563749999999999973e+00,1.526610000000000023e+00,1.402339999999999920e+00,1.386830000000000007e+00,1.388470000000000093e+00,1.394339999999999913e+00,1.403980000000000006e+00,1.420080000000000009e+00,1.436029999999999918e+00,1.454909999999999926e+00,1.470010000000000039e+00,1.487989999999999924e+00,1.508820000000000050e+00,1.532270000000000021e+00,1.547379999999999978e+00,1.566500000000000004e+00,1.593229999999999924e+00,1.624710000000000099e+00,1.654670000000000085e+00,1.700990000000000002e+00,1.743219999999999992e+00,1.788040000000000074e+00,1.796280000000000099e+00,1.806149999999999922e+00,1.820259999999999989e+00,1.837849999999999984e+00,1.858929999999999971e+00,1.882830000000000004e+00,1.898160000000000069e+00,1.919070000000000054e+00,1.938839999999999897e+00,1.961340000000000083e+00,1.981789999999999941e+00,2.001799999999999802e+00,2.009440000000000115e+00,2.020000000000000018e+00,2.031590000000000007e+00,2.045570000000000110e+00,1.985970000000000013e+00,1.978399999999999936e+00,2.013079999999999981e+00,2.043800000000000061e+00,2.074250000000000149e+00,2.132439999999999891e+00,2.126840000000000064e+00,2.178230000000000111e+00,2.221579999999999888e+00,2.267139999999999933e+00,2.276320000000000121e+00,2.307710000000000150e+00,2.305730000000000057e+00,2.305439999999999934e+00,2.291819999999999968e+00,2.282490000000000130e+00,2.241280000000000161e+00,2.201480000000000103e+00,2.156649999999999956e+00,2.114209999999999923e+00,2.076060000000000016e+00,2.043779999999999930e+00,2.011649999999999938e+00,1.974140000000000006e+00,1.928569999999999895e+00,1.885690000000000088e+00,1.844049999999999967e+00,1.805330000000000101e+00,1.770659999999999901e+00,1.738359999999999905e+00,1.710569999999999924e+00,1.685040000000000093e+00,1.664479999999999960e+00,1.647540000000000004e+00,1.634609999999999896e+00,1.624970000000000026e+00,1.619240000000000013e+00,1.617220000000000102e+00,1.618060000000000054e+00,1.626270000000000104e+00,1.533900000000000041e+00,1.759300000000000086e+00,2.018479999999999830e+00,2.321940000000000115e+00,2.381679999999999797e+00,2.444170000000000176e+00,2.505149999999999988e+00,2.569150000000000045e+00,2.631499999999999950e+00,2.697610000000000063e+00,2.767580000000000151e+00,2.841019999999999879e+00,3.501980000000000093e+00,6.220799999999999663e+00,1.028145999999999916e+01,1.495541000000000054e+01,1.982191999999999865e+01,1.517530999999999963e+01,1.103224999999999945e+01,8.037190000000000722e+00,7.168359999999999843e+00,7.077399999999999913e+00,6.986430000000000362e+00,6.895330000000000403e+00,6.804479999999999862e+00,6.714529999999999887e+00,6.624170000000000336e+00,6.534609999999999808e+00,6.445380000000000109e+00,6.356200000000000294e+00,6.266810000000000436e+00,6.177330000000000432e+00,6.087659999999999627e+00,6.001190000000000246e+00,5.915119999999999933e+00,5.828820000000000334e+00,5.742880000000000429e+00,5.656690000000000218e+00,5.570859999999999701e+00,5.485699999999999577e+00,5.400739999999999874e+00,5.315690000000000026e+00,5.230730000000000324e+00,5.145979999999999777e+00,5.061029999999999696e+00,4.944219999999999615e+00,4.830910000000000259e+00,4.760839999999999961e+00,4.693349999999999689e+00,4.489609999999999879e+00,4.454449999999999577e+00,4.378999999999999559e+00,4.304330000000000211e+00,4.230310000000000237e+00,4.157119999999999926e+00,4.085569999999999702e+00,4.014969999999999928e+00,3.938559999999999839e+00,3.861549999999999816e+00,3.800429999999999975e+00,3.740540000000000198e+00,3.674749999999999961e+00,3.610079999999999956e+00,3.543899999999999828e+00,3.478499999999999925e+00,3.419239999999999835e+00,3.361369999999999969e+00,3.302709999999999813e+00,3.245400000000000063e+00,3.189169999999999838e+00,3.134399999999999853e+00,3.081999999999999851e+00,3.030170000000000030e+00,2.974180000000000046e+00,2.920100000000000140e+00,2.867399999999999949e+00,2.814700000000000202e+00,2.761169999999999902e+00,2.709449999999999914e+00,2.660340000000000149e+00,2.612060000000000048e+00,2.561630000000000074e+00,2.512809999999999988e+00,2.457120000000000193e+00,2.403150000000000119e+00,2.348650000000000126e+00,2.295929999999999804e+00,2.242030000000000189e+00,2.190010000000000012e+00,2.141560000000000130e+00,2.094959999999999933e+00,2.049789999999999779e+00,2.006590000000000096e+00,1.967070000000000096e+00,1.929869999999999974e+00,1.891629999999999923e+00,1.855820000000000025e+00,1.827539999999999942e+00,1.801840000000000108e+00,1.770550000000000068e+00,1.742110000000000047e+00,1.730229999999999935e+00,1.721130000000000049e+00,1.707969999999999988e+00,1.697640000000000038e+00,1.688879999999999937e+00,1.682630000000000070e+00,1.662690000000000001e+00,1.645629999999999926e+00,1.625389999999999890e+00,1.608810000000000073e+00,1.598300000000000054e+00,1.590479999999999894e+00,1.587679999999999980e+00,1.588400000000000034e+00,1.592859999999999943e+00,1.601150000000000073e+00,1.616349999999999953e+00,1.635359999999999925e+00,1.656679999999999930e+00,1.681589999999999918e+00,1.710390000000000077e+00,1.742539999999999978e+00,1.777120000000000033e+00,1.815180000000000016e+00,1.852689999999999948e+00,1.893850000000000033e+00,1.908619999999999983e+00,1.927030000000000021e+00,1.958380000000000010e+00,1.995120000000000005e+00,2.033409999999999940e+00,2.076220000000000176e+00,2.122799999999999798e+00,2.174409999999999954e+00,2.178389999999999826e+00,2.182630000000000070e+00,2.156690000000000218e+00,2.133960000000000079e+00,2.114079999999999959e+00,2.097840000000000149e+00,2.086190000000000211e+00,2.078009999999999913e+00,2.074650000000000105e+00,2.074559999999999960e+00,2.081059999999999910e+00,2.088459999999999983e+00,2.092200000000000060e+00,2.097599999999999909e+00,2.103740000000000165e+00,2.112109999999999932e+00,2.121690000000000076e+00,2.133719999999999839e+00,2.149999999999999911e+00,2.168689999999999785e+00,2.188829999999999831e+00,2.211320000000000174e+00,2.236779999999999990e+00,2.263889999999999958e+00,2.241140000000000132e+00,2.232240000000000002e+00,2.202409999999999979e+00,2.178110000000000213e+00,2.115730000000000111e+00,2.055569999999999897e+00,1.997009999999999952e+00,1.940390000000000059e+00,1.879359999999999919e+00,1.820310000000000095e+00,1.762350000000000083e+00,1.706679999999999975e+00,1.652050000000000018e+00,1.599769999999999914e+00,1.551870000000000083e+00,1.506960000000000077e+00,1.464350000000000041e+00,1.424919999999999964e+00,1.387459999999999916e+00,1.353380000000000027e+00,1.323239999999999972e+00,1.296100000000000030e+00,1.270890000000000075e+00,1.246599999999999930e+00,1.225800000000000001e+00,1.207999999999999963e+00,1.191109999999999891e+00,1.177310000000000079e+00,1.146800000000000042e+00,1.116219999999999990e+00,1.076429999999999998e+00,1.041020000000000056e+00,1.009730000000000016e+00,9.832400000000000029e-01,9.642800000000000260e-01,9.510499999999999510e-01,9.347900000000000098e-01,9.219500000000000473e-01,9.146800000000000486e-01,9.112999999999999989e-01,9.121200000000000419e-01,9.174099999999999477e-01,9.230000000000000426e-01,9.328699999999999770e-01,9.346900000000000208e-01,9.417100000000000470e-01,9.538100000000000467e-01,9.695899999999999519e-01,9.877500000000000169e-01,1.008219999999999894e+00,1.045360000000000067e+00,1.080370000000000053e+00,1.119909999999999961e+00,1.162069999999999936e+00,1.207600000000000007e+00,1.257020000000000026e+00,1.311700000000000088e+00,1.367799999999999905e+00,1.427659999999999929e+00,1.489409999999999901e+00,1.554230000000000000e+00,1.620679999999999898e+00,1.690290000000000070e+00,1.762040000000000051e+00,1.835690000000000044e+00,1.910930000000000017e+00,1.988129999999999953e+00,2.066930000000000156e+00,2.146999999999999797e+00,2.228549999999999809e+00,2.974450000000000038e+00,5.261289999999999800e+00,8.995060000000000500e+00,1.327372000000000085e+01,1.553842000000000034e+01,1.208314999999999984e+01,9.361620000000000275e+00,7.848830000000000418e+00,7.228159999999999918e+00,7.134949999999999903e+00,7.041999999999999815e+00,6.949799999999999756e+00,6.857910000000000394e+00,6.765819999999999723e+00,6.673980000000000246e+00,6.582910000000000039e+00,6.491719999999999935e+00,6.402160000000000295e+00,6.311320000000000263e+00,6.221059999999999590e+00,6.131160000000000387e+00,6.042600000000000193e+00,5.954439999999999955e+00,5.866229999999999833e+00,5.778450000000000308e+00,5.690290000000000070e+00,5.602590000000000181e+00,5.516899999999999693e+00,5.431709999999999816e+00,5.346199999999999619e+00,5.261230000000000295e+00,5.176859999999999573e+00,5.092679999999999652e+00,5.009269999999999889e+00,4.926409999999999734e+00,4.844809999999999839e+00,4.762660000000000338e+00,4.681879999999999598e+00,4.601869999999999905e+00,4.522499999999999964e+00,4.443979999999999819e+00,4.364770000000000039e+00,4.286480000000000068e+00,4.209399999999999586e+00,4.133350000000000080e+00,4.058300000000000018e+00,3.983740000000000059e+00,3.911210000000000075e+00,3.839690000000000047e+00,3.767230000000000079e+00,3.696060000000000123e+00,3.628899999999999793e+00,3.561939999999999884e+00,3.497689999999999966e+00,3.434899999999999842e+00,3.369930000000000092e+00,3.307339999999999947e+00,3.249950000000000117e+00,3.193830000000000169e+00,3.136740000000000084e+00,3.078380000000000116e+00,3.016449999999999854e+00,2.956020000000000092e+00,2.897269999999999790e+00,2.839900000000000091e+00,2.783679999999999932e+00,2.728969999999999896e+00,2.675539999999999807e+00,2.623839999999999950e+00,2.574289999999999967e+00,2.525380000000000180e+00,2.479140000000000121e+00,2.434410000000000185e+00,2.388850000000000140e+00,2.345149999999999846e+00,2.295249999999999790e+00,2.247100000000000097e+00,2.192429999999999879e+00,2.139510000000000023e+00,2.089170000000000194e+00,2.040849999999999831e+00,1.986760000000000081e+00,1.934749999999999970e+00,1.883350000000000080e+00,1.834230000000000027e+00,1.786960000000000104e+00,1.741770000000000040e+00,1.700229999999999908e+00,1.661249999999999893e+00,1.625000000000000000e+00,1.591099999999999959e+00,1.560329999999999995e+00,1.531239999999999934e+00,1.507290000000000019e+00,1.484590000000000076e+00,1.465289999999999981e+00,1.449060000000000015e+00,1.435279999999999889e+00,1.424739999999999895e+00,1.417710000000000026e+00,1.414309999999999956e+00,1.400859999999999994e+00,1.408330000000000082e+00,1.404209999999999958e+00,1.403289999999999926e+00,1.401599999999999957e+00,1.403510000000000035e+00,1.408749999999999947e+00,1.417559999999999931e+00,1.431890000000000107e+00,1.448590000000000044e+00,1.467689999999999939e+00,1.489849999999999897e+00,1.518240000000000034e+00,1.550000000000000044e+00,1.582489999999999952e+00,1.617269999999999985e+00,1.650789999999999980e+00,1.687149999999999928e+00,1.728099999999999969e+00,1.771279999999999966e+00,1.817280000000000006e+00,1.866440000000000099e+00,1.917459999999999942e+00,1.970609999999999973e+00,2.012399999999999967e+00,2.056740000000000013e+00,2.096239999999999881e+00,2.137169999999999792e+00,2.171689999999999898e+00,2.208400000000000141e+00,2.244260000000000144e+00,2.280060000000000198e+00,2.280050000000000132e+00,2.284199999999999786e+00,2.262490000000000112e+00,2.243310000000000137e+00,2.226329999999999920e+00,2.211949999999999861e+00,2.198739999999999917e+00,2.188239999999999963e+00,2.182300000000000129e+00,2.179110000000000102e+00,2.175720000000000098e+00,2.175180000000000113e+00,2.173140000000000072e+00,2.176480000000000192e+00,2.171609999999999818e+00,2.159580000000000055e+00,2.108999999999999986e+00,2.069199999999999928e+00,2.032230000000000203e+00,2.007890000000000175e+00,1.959559999999999969e+00,1.914029999999999898e+00,1.858770000000000033e+00,1.804349999999999898e+00,1.733740000000000059e+00,1.664549999999999974e+00,1.596799999999999997e+00,1.531290000000000040e+00,1.468360000000000110e+00,1.406889999999999974e+00,1.347429999999999906e+00,1.289779999999999927e+00,1.235870000000000024e+00,1.185259999999999980e+00,1.139380000000000059e+00,1.093820000000000014e+00,1.054119999999999946e+00,1.015940000000000065e+00,9.809999999999999831e-01,9.492599999999999927e-01,9.249699999999999589e-01,9.041700000000000292e-01,8.859399999999999498e-01,8.722100000000000408e-01,8.415099999999999802e-01,8.591400000000000148e-01,8.629999999999999893e-01,8.694499999999999451e-01,8.848000000000000309e-01,9.022799999999999709e-01,9.124200000000000088e-01,9.234799999999999676e-01,9.207300000000000484e-01,9.215999999999999748e-01,9.116199999999999859e-01,9.068000000000000504e-01,9.069500000000000339e-01,9.126999999999999558e-01,9.242799999999999905e-01,9.404500000000000082e-01,9.567700000000000093e-01,9.764800000000000146e-01,9.789400000000000324e-01,9.860999999999999766e-01,9.967200000000000504e-01,1.011269999999999891e+00,1.026729999999999920e+00,1.045670000000000099e+00,1.076770000000000005e+00,1.112619999999999942e+00,1.147129999999999983e+00,1.184350000000000014e+00,1.164290000000000047e+00,1.306640000000000024e+00,1.352419999999999956e+00,1.397459999999999924e+00,1.451179999999999914e+00,1.504099999999999993e+00,1.556740000000000013e+00,1.609909999999999952e+00,1.664630000000000054e+00,1.721419999999999950e+00,1.780189999999999939e+00,1.840819999999999901e+00,1.903990000000000071e+00,1.968820000000000014e+00,2.019400000000000084e+00,2.072950000000000070e+00,2.576020000000000199e+00,4.105459999999999887e+00,5.670919999999999739e+00,8.159440000000000026e+00,1.333737999999999957e+01,1.910356000000000165e+01,1.468482999999999983e+01,1.018610999999999933e+01,6.172810000000000130e+00,3.459610000000000074e+00,2.189989999999999881e+00,2.130450000000000177e+00,2.075229999999999908e+00,2.027109999999999967e+00,1.983440000000000092e+00,1.940890000000000004e+00,1.904320000000000013e+00,1.865350000000000064e+00,1.831970000000000098e+00,1.807569999999999899e+00,1.789309999999999956e+00,1.775160000000000071e+00,1.768399999999999972e+00,1.753940000000000055e+00,1.743509999999999893e+00,1.736920000000000019e+00,1.734180000000000055e+00,1.737689999999999957e+00,1.745840000000000058e+00,1.757239999999999913e+00,1.773290000000000033e+00,1.796219999999999928e+00,1.823979999999999935e+00,1.857169999999999987e+00,1.892970000000000041e+00,1.925440000000000040e+00,1.964539999999999953e+00,1.998709999999999987e+00,2.035369999999999902e+00,2.060379999999999878e+00,2.088519999999999932e+00,2.072280000000000122e+00,2.069679999999999964e+00,2.047169999999999934e+00,2.125799999999999912e+00,2.160540000000000127e+00,2.197410000000000085e+00,2.178910000000000124e+00,2.176680000000000170e+00,2.185029999999999806e+00,2.205010000000000137e+00,2.195980000000000043e+00,2.188550000000000217e+00,2.150609999999999911e+00,2.116919999999999913e+00,2.041889999999999983e+00,1.968550000000000022e+00,1.899080000000000101e+00,1.831919999999999993e+00,1.766550000000000065e+00,1.703670000000000018e+00,1.644940000000000069e+00,1.589010000000000034e+00,1.534890000000000088e+00,1.483989999999999920e+00,1.440379999999999994e+00,1.401550000000000074e+00,1.343190000000000106e+00,1.285570000000000102e+00,1.229249999999999954e+00,1.175850000000000062e+00,1.124989999999999934e+00,1.077280000000000015e+00,1.034089999999999954e+00,9.926800000000000068e-01,9.564200000000000479e-01,9.219600000000000017e-01,8.918300000000000116e-01,8.654399999999999871e-01,8.438700000000000090e-01,8.263099999999999890e-01,8.131399999999999739e-01,8.035400000000000320e-01,7.980699999999999461e-01,7.962299999999999933e-01,7.991099999999999870e-01,8.060899999999999732e-01,8.063799999999999857e-01,8.111599999999999921e-01,8.124900000000000455e-01,8.191699999999999537e-01,8.234099999999999753e-01,8.369199999999999973e-01,8.549999999999999822e-01,8.781299999999999661e-01,9.125299999999999523e-01,9.508600000000000385e-01,9.940999999999999837e-01,1.041809999999999903e+00,1.083299999999999930e+00,1.126810000000000089e+00,1.170430000000000081e+00,1.223859999999999948e+00,1.281940000000000079e+00,1.344410000000000105e+00,1.412530000000000063e+00,1.485260000000000025e+00,1.560850000000000071e+00,1.638670000000000071e+00,1.719880000000000075e+00,1.803050000000000042e+00,1.886460000000000026e+00,1.971629999999999994e+00,2.047989999999999977e+00,2.125859999999999861e+00,2.205020000000000202e+00,2.285320000000000018e+00,2.365610000000000213e+00,2.447090000000000209e+00,2.531569999999999876e+00,2.615019999999999900e+00,2.699689999999999923e+00,2.785060000000000091e+00,2.866060000000000052e+00,2.947909999999999808e+00,3.031039999999999957e+00,3.114910000000000068e+00,3.356700000000000017e+00,4.767430000000000057e+00,7.306090000000000195e+00,1.046953000000000067e+01,1.444801999999999964e+01,1.871787000000000134e+01,1.821518999999999977e+01,1.348413000000000039e+01,9.274660000000000792e+00,5.983819999999999695e+00,3.298869999999999969e+00,2.823430000000000106e+00,2.717020000000000213e+00,2.654570000000000096e+00,2.599450000000000038e+00,2.545230000000000103e+00,2.494899999999999896e+00,2.443799999999999972e+00,2.396300000000000097e+00,2.352160000000000029e+00,2.312240000000000073e+00,2.278220000000000134e+00,2.248110000000000053e+00,2.221610000000000085e+00,2.199669999999999792e+00,2.171549999999999869e+00,2.143699999999999939e+00,2.117280000000000051e+00,2.089770000000000127e+00,2.061500000000000110e+00,2.036820000000000075e+00,1.944649999999999990e+00,2.010810000000000208e+00,2.040239999999999831e+00,2.072259999999999991e+00,2.084070000000000089e+00,2.099749999999999783e+00,2.097570000000000157e+00,2.107619999999999827e+00,2.113750000000000018e+00,2.121680000000000010e+00,2.130930000000000213e+00,2.143670000000000186e+00,2.125729999999999897e+00,2.112880000000000091e+00,2.101989999999999803e+00,2.097379999999999800e+00,2.078889999999999905e+00,2.111889999999999823e+00,2.129070000000000018e+00,2.150209999999999955e+00,2.175170000000000048e+00,2.204460000000000086e+00,2.167460000000000164e+00,2.140350000000000197e+00,2.113389999999999880e+00,2.092680000000000096e+00,2.073329999999999895e+00,2.057459999999999845e+00,2.045009999999999994e+00,2.036649999999999849e+00,2.032469999999999999e+00,2.032579999999999831e+00,2.035579999999999945e+00,2.042670000000000208e+00,2.000329999999999941e+00,1.963219999999999965e+00,1.919440000000000035e+00,1.878400000000000070e+00,1.811450000000000005e+00,1.804559999999999942e+00,1.766890000000000072e+00,1.732280000000000042e+00,1.701079999999999925e+00,1.672789999999999999e+00,1.650320000000000009e+00,1.631610000000000005e+00,1.612270000000000092e+00,1.597480000000000011e+00,1.586959999999999926e+00,1.580729999999999968e+00,1.577099999999999946e+00,1.579110000000000014e+00,1.571379999999999999e+00,1.565739999999999910e+00,1.555229999999999890e+00,1.547309999999999963e+00,1.542470000000000008e+00,1.538650000000000073e+00,1.528229999999999977e+00,1.520750000000000046e+00,1.516229999999999967e+00,1.514820000000000055e+00,1.517179999999999973e+00,1.522909999999999986e+00,1.531840000000000090e+00,1.543909999999999894e+00,1.560589999999999922e+00,1.579779999999999962e+00,1.595250000000000057e+00,1.614519999999999955e+00,1.636260000000000048e+00,1.661729999999999929e+00,1.693389999999999951e+00,1.725649999999999906e+00,1.756739999999999968e+00,1.788699999999999957e+00,1.817199999999999926e+00,1.848319999999999963e+00,1.881389999999999896e+00,1.917189999999999950e+00,1.958700000000000108e+00,1.998729999999999896e+00,2.043550000000000200e+00,2.090790000000000148e+00,2.141199999999999992e+00,2.192930000000000046e+00,2.247230000000000061e+00,2.302109999999999879e+00,2.361060000000000159e+00,2.420430000000000081e+00,2.482530000000000125e+00,2.546469999999999789e+00,2.606009999999999938e+00,2.664229999999999876e+00,2.720810000000000173e+00,2.778389999999999915e+00,2.838330000000000020e+00,2.898280000000000189e+00,2.960550000000000015e+00,3.023359999999999825e+00,3.090059999999999807e+00,3.157340000000000035e+00,3.225480000000000125e+00,3.294039999999999857e+00,3.364889999999999937e+00,3.436900000000000066e+00,3.510709999999999997e+00,3.584150000000000169e+00,3.659120000000000150e+00,3.735090000000000021e+00,3.811500000000000110e+00,3.888780000000000125e+00,3.965430000000000010e+00,4.042900000000000382e+00,4.117429999999999701e+00,4.191930000000000156e+00,4.269870000000000054e+00,4.348180000000000156e+00,4.426890000000000214e+00,4.505939999999999834e+00,4.585449999999999804e+00,4.665750000000000064e+00,4.742490000000000094e+00,4.819759999999999600e+00,4.892210000000000392e+00,4.965379999999999683e+00,5.039469999999999672e+00,5.114060000000000272e+00,5.186819999999999986e+00,5.259649999999999714e+00,5.332259999999999778e+00,5.404849999999999710e+00,5.479140000000000121e+00,5.552669999999999995e+00,5.625650000000000261e+00,5.699320000000000164e+00,5.773080000000000211e+00,5.847509999999999764e+00,5.922959999999999781e+00,5.999030000000000307e+00,6.076120000000000410e+00,6.153780000000000250e+00,6.231150000000000411e+00,6.309070000000000178e+00,6.389000000000000234e+00,6.468630000000000102e+00,6.548949999999999605e+00,6.628969999999999807e+00,6.709299999999999820e+00,6.789830000000000254e+00,6.872300000000000075e+00,6.953350000000000364e+00,7.036570000000000213e+00,7.118789999999999729e+00,7.202379999999999782e+00,7.284349999999999881e+00,7.368990000000000151e+00,7.453929999999999723e+00,7.538439999999999586e+00,7.623039999999999594e+00,7.708669999999999689e+00,7.794380000000000308e+00,7.880189999999999806e+00,7.966280000000000250e+00,8.052690000000000126e+00,8.139359999999999928e+00,8.226050000000000750e+00,8.312089999999999534e+00,8.400460000000000704e+00,8.487740000000000506e+00,8.574889999999999901e+00,8.662229999999999208e+00,8.751519999999999300e+00,8.841020000000000323e+00,8.929690000000000794e+00,9.018430000000000391e+00,9.107459999999999667e+00,9.196559999999999846e+00,9.286680000000000490e+00,9.376559999999999562e+00,9.466559999999999420e+00,9.556729999999999947e+00,9.647399999999999309e+00,9.737500000000000711e+00,9.828260000000000218e+00,9.919190000000000396e+00,1.000985000000000014e+01,1.010017000000000031e+01,1.019228000000000023e+01,1.028359999999999985e+01,1.037505999999999950e+01,1.046546000000000021e+01,1.055743999999999971e+01,1.064953000000000038e+01,1.074236999999999931e+01,1.083514000000000088e+01,1.092754000000000048e+01,1.101986999999999917e+01,1.111232000000000042e+01,1.120439000000000007e+01,1.129728000000000065e+01,1.139029000000000025e+01,1.148386999999999958e+01,1.157701999999999920e+01,1.167054000000000080e+01,1.176356000000000002e+01,1.185708999999999946e+01,1.195069999999999943e+01,1.204358000000000040e+01,1.213658000000000037e+01,1.223123999999999967e+01,1.232541999999999938e+01,1.241981000000000002e+01,1.251352999999999938e+01,1.252466000000000079e+01,1.276767000000000074e+01,1.320320000000000071e+01,1.385519999999999996e+01,1.509406000000000070e+01,1.707450000000000045e+01,1.981514999999999915e+01,1.561763999999999974e+01,1.158596000000000004e+01,8.325359999999999872e+00,5.420519999999999783e+00,2.741099999999999870e+00,1.844919999999999893e+00,1.799080000000000013e+00,1.755589999999999984e+00,1.715959999999999930e+00,1.677170000000000050e+00,1.641350000000000087e+00,1.607650000000000023e+00,1.577309999999999990e+00,1.549900000000000055e+00,1.527209999999999956e+00,1.506050000000000111e+00,1.488920000000000021e+00,1.471999999999999975e+00,1.450809999999999933e+00,1.432809999999999917e+00,1.414789999999999992e+00,1.400130000000000097e+00,1.388640000000000096e+00,1.380190000000000028e+00,1.373809999999999976e+00,1.370190000000000019e+00,1.372910000000000075e+00,1.379040000000000044e+00,1.387990000000000057e+00,1.398619999999999974e+00,1.414479999999999960e+00,1.433510000000000062e+00,1.455449999999999910e+00,1.480399999999999938e+00,1.508459999999999912e+00,1.539430000000000076e+00,1.535679999999999934e+00,1.538450000000000095e+00,1.480690000000000062e+00,1.581280000000000019e+00,1.623410000000000020e+00,1.665790000000000104e+00,1.676909999999999901e+00,1.692909999999999915e+00,1.692229999999999901e+00,1.698039999999999994e+00,1.708979999999999944e+00,1.731759999999999966e+00,1.750750000000000028e+00,1.769320000000000004e+00,1.774089999999999945e+00,1.782249999999999890e+00,1.794699999999999962e+00,1.810119999999999951e+00,1.828969999999999985e+00,1.851189999999999891e+00,1.857350000000000056e+00,1.860349999999999948e+00,1.844060000000000032e+00,1.825599999999999890e+00,1.790119999999999933e+00,1.850519999999999943e+00,1.875990000000000046e+00,1.910169999999999924e+00,1.950530000000000097e+00,1.997659999999999991e+00,2.015519999999999978e+00,2.033520000000000216e+00,2.055070000000000174e+00,2.079559999999999853e+00,2.103740000000000165e+00,2.130729999999999791e+00,2.150939999999999852e+00,2.170269999999999921e+00,2.191159999999999997e+00,2.214319999999999844e+00,2.209569999999999812e+00,2.207559999999999967e+00,2.188200000000000145e+00,2.172419999999999796e+00,2.145779999999999799e+00,2.123639999999999972e+00,2.103990000000000027e+00,2.089080000000000048e+00,2.065549999999999997e+00,2.041450000000000209e+00,2.017199999999999882e+00,1.997169999999999890e+00,1.946010000000000018e+00,1.953629999999999978e+00,1.943570000000000020e+00,1.956569999999999920e+00,1.944499999999999895e+00,2.011760000000000215e+00,2.016579999999999817e+00,2.031019999999999825e+00,3.566699999999999982e+00,7.302699999999999747e+00,1.268853999999999971e+01,1.858425000000000082e+01,1.462790999999999997e+01,1.054609999999999914e+01,6.827869999999999884e+00,4.424249999999999794e+00,3.895519999999999872e+00,3.816699999999999982e+00,3.740040000000000031e+00,3.666180000000000216e+00,3.595099999999999962e+00,3.514580000000000037e+00,3.437380000000000102e+00,3.360619999999999941e+00,3.288569999999999993e+00,3.222119999999999873e+00,3.161630000000000162e+00,3.096400000000000041e+00,3.031829999999999803e+00,2.970190000000000108e+00,2.912500000000000089e+00,2.826239999999999863e+00,2.832669999999999799e+00,2.798740000000000006e+00,2.766659999999999897e+00,2.739590000000000192e+00,2.715409999999999879e+00,2.694370000000000154e+00,2.675850000000000062e+00,2.640849999999999920e+00,2.607400000000000162e+00,2.573160000000000114e+00,2.542180000000000106e+00,2.513160000000000061e+00,2.487550000000000150e+00,2.457609999999999850e+00,2.430660000000000043e+00,2.398099999999999898e+00,2.367869999999999919e+00,2.339789999999999814e+00,2.313140000000000196e+00,2.283160000000000078e+00,2.255430000000000046e+00,2.231669999999999821e+00,2.210809999999999942e+00,2.194550000000000001e+00,2.179640000000000022e+00,2.171359999999999957e+00,2.165280000000000094e+00,2.164210000000000189e+00,2.164880000000000138e+00,2.170580000000000176e+00,2.179809999999999803e+00,2.186920000000000197e+00,2.197719999999999896e+00,2.210449999999999804e+00,2.227100000000000080e+00,2.226370000000000182e+00,2.230300000000000171e+00,2.227419999999999956e+00,2.228600000000000136e+00,2.223520000000000163e+00,2.221839999999999815e+00,2.223660000000000192e+00,2.228720000000000034e+00,2.234210000000000029e+00,2.238900000000000112e+00,2.239889999999999937e+00,2.242809999999999970e+00,2.249060000000000059e+00,2.257249999999999979e+00,2.253410000000000135e+00,2.251560000000000006e+00,2.241499999999999826e+00,2.234490000000000087e+00,2.232699999999999907e+00,2.228940000000000143e+00,2.232369999999999965e+00,2.238410000000000011e+00,2.247679999999999900e+00,2.260079999999999867e+00,2.273530000000000051e+00,2.289870000000000072e+00,2.309099999999999930e+00,2.327339999999999964e+00,2.322309999999999874e+00,2.327749999999999986e+00,2.337229999999999919e+00,2.351570000000000160e+00,2.340939999999999799e+00,2.332040000000000113e+00,2.266779999999999795e+00,2.204979999999999940e+00,2.144039999999999946e+00,2.086800000000000210e+00,2.032090000000000174e+00,1.980029999999999957e+00,1.938420000000000032e+00,1.897270000000000012e+00,1.856139999999999901e+00,1.851520000000000055e+00,1.842559999999999976e+00,1.838810000000000056e+00,1.836510000000000087e+00,1.839429999999999898e+00,1.836370000000000058e+00,1.842819999999999903e+00,1.825169999999999959e+00,1.815129999999999910e+00,1.765840000000000076e+00,1.720809999999999951e+00,1.657969999999999944e+00,1.597709999999999964e+00,1.539130000000000109e+00,1.487589999999999968e+00,1.437720000000000109e+00,1.391899999999999915e+00,1.353439999999999976e+00,1.319560000000000066e+00,1.289719999999999978e+00,1.264720000000000066e+00,1.244609999999999994e+00,1.229440000000000088e+00,1.416260000000000074e+00,2.126640000000000086e+00,4.282320000000000348e+00,7.201249999999999929e+00,1.145162000000000013e+01,1.593149999999999977e+01,1.594042999999999921e+01,1.197724000000000011e+01,8.331490000000000506e+00,4.170379999999999754e+00,1.347239999999999993e+00,7.161499999999999533e-01,7.516399999999999748e-01,7.218299999999999716e-01,7.014799999999999924e-01,6.891599999999999948e-01,6.830100000000000060e-01,6.894400000000000528e-01,7.003099999999999881e-01,7.021100000000000119e-01,7.093500000000000361e-01,6.802300000000000013e-01,6.537600000000000078e-01,6.319799999999999862e-01,6.160999999999999810e-01,6.040799999999999503e-01,5.984399999999999720e-01,5.801100000000000145e-01,5.726499999999999924e-01,5.636600000000000499e-01,5.628499999999999615e-01,5.535400000000000320e-01,5.483099999999999641e-01,5.457499999999999574e-01,5.509199999999999653e-01,5.632399999999999629e-01,5.816400000000000459e-01,6.068400000000000460e-01,6.381499999999999950e-01,6.716299999999999493e-01,7.104700000000000459e-01,7.472400000000000153e-01,7.886900000000000022e-01,8.364500000000000268e-01,8.881599999999999495e-01,9.449899999999999967e-01,1.004299999999999971e+00,1.063220000000000054e+00,1.123059999999999947e+00,1.147059999999999969e+00,1.174169999999999936e+00,1.199850000000000083e+00,1.229789999999999939e+00,1.263830000000000009e+00,1.301970000000000072e+00,1.342570000000000041e+00,1.386959999999999971e+00,1.432960000000000012e+00,1.482159999999999922e+00,1.534629999999999939e+00,1.589930000000000065e+00,1.647340000000000027e+00,1.707310000000000105e+00,1.769300000000000095e+00,1.833269999999999955e+00,1.826840000000000019e+00,1.980420000000000069e+00,1.977160000000000029e+00,2.110300000000000065e+00,2.181099999999999817e+00,2.253890000000000171e+00,2.325590000000000046e+00,2.396980000000000111e+00,2.384409999999999918e+00,2.379030000000000200e+00,2.350530000000000008e+00,2.331989999999999785e+00,2.322099999999999831e+00,2.322350000000000136e+00,2.329779999999999962e+00,2.345460000000000100e+00,2.295510000000000161e+00,2.251389999999999780e+00,2.199669999999999792e+00,2.157610000000000028e+00,2.113939999999999930e+00,2.076169999999999849e+00,2.032919999999999838e+00,1.996220000000000105e+00,1.958599999999999897e+00,1.925910000000000011e+00,1.875380000000000047e+00,1.828000000000000069e+00,1.753810000000000091e+00,1.746639999999999970e+00,1.846410000000000107e+00,2.044270000000000032e+00,2.020690000000000097e+00,2.055919999999999970e+00,2.128659999999999997e+00,2.488309999999999800e+00,6.349859999999999616e+00,1.127525999999999939e+01,1.553665999999999947e+01,1.998119000000000156e+01,1.187899999999999956e+01,7.906399999999999650e+00,4.187030000000000030e+00,1.339350000000000041e+00,3.452799999999999758e-01,3.241299999999999737e-01,3.149500000000000077e-01,3.010599999999999943e-01,2.874800000000000133e-01,2.874599999999999933e-01,2.937500000000000111e-01,3.053100000000000258e-01,3.232599999999999918e-01,3.470400000000000151e-01,3.757499999999999729e-01,3.890000000000000124e-01,4.684200000000000030e-01,5.192999999999999838e-01,5.655900000000000372e-01,6.213699999999999779e-01,6.801599999999999868e-01,7.384600000000000053e-01,7.986100000000000421e-01,8.342800000000000216e-01,8.758200000000000429e-01,9.221300000000000052e-01,9.727700000000000236e-01,1.028129999999999988e+00,1.089059999999999917e+00,1.142709999999999892e+00,1.198609999999999953e+00,1.248450000000000060e+00,1.300699999999999967e+00,1.350449999999999928e+00,1.403690000000000104e+00,1.441920000000000091e+00,1.477929999999999966e+00,1.515519999999999978e+00,1.555730000000000057e+00,1.600309999999999899e+00,1.646970000000000045e+00,1.688709999999999933e+00,1.733970000000000011e+00,1.781060000000000088e+00,1.831990000000000007e+00,1.879299999999999971e+00,1.929419999999999913e+00,1.982879999999999976e+00,2.038920000000000066e+00,2.099139999999999784e+00,2.161739999999999995e+00,2.208110000000000017e+00,2.254589999999999872e+00,2.303479999999999972e+00,2.355049999999999866e+00,2.402989999999999959e+00,2.452859999999999818e+00,2.425829999999999931e+00,2.404300000000000104e+00,2.372160000000000046e+00,2.346600000000000019e+00,2.332609999999999850e+00,2.326249999999999929e+00,2.320149999999999935e+00,2.320780000000000065e+00,2.327659999999999840e+00,2.342330000000000023e+00,2.345499999999999918e+00,2.345899999999999874e+00,2.342229999999999812e+00,2.342909999999999826e+00,2.313390000000000057e+00,2.270919999999999828e+00,2.211790000000000145e+00,2.160680000000000156e+00,2.087919999999999998e+00,2.017560000000000020e+00,1.925179999999999891e+00,1.833329999999999904e+00,1.739959999999999951e+00,1.647070000000000034e+00,1.554910000000000014e+00,1.462830000000000075e+00,1.370889999999999942e+00,1.279290000000000038e+00,1.190029999999999921e+00,1.100970000000000004e+00,1.012780000000000014e+00,9.252099999999999769e-01,8.388499999999999845e-01,7.536000000000000476e-01,6.696999999999999620e-01,5.865599999999999703e-01,5.053699999999999859e-01,4.251499999999999724e-01,3.471899999999999986e-01,2.704199999999999937e-01,1.962800000000000100e-01,1.244999999999999996e-01,5.523999999999999744e-02,-1.103999999999999947e-02,-7.471999999999999476e-02,-1.347200000000000064e-01,-1.919200000000000073e-01,-2.446000000000000119e-01,-2.921799999999999953e-01,-3.351299999999999835e-01,-3.730299999999999727e-01,-4.049400000000000222e-01,-4.302900000000000058e-01,-4.487700000000000022e-01,-4.604199999999999959e-01,-4.648300000000000209e-01,-4.617299999999999738e-01,-4.516299999999999759e-01,-3.237000000000000294e-02,1.611350000000000060e+00,2.893530000000000157e+00,5.683230000000000004e+00,1.059442999999999913e+01,1.580096999999999952e+01,1.456990000000000052e+01,1.019181000000000026e+01,6.372329999999999828e+00,4.171840000000000437e+00,2.160620000000000207e+00,1.344989999999999908e+00,1.216579999999999995e+00,1.171559999999999935e+00,1.130330000000000057e+00,1.092109999999999914e+00,1.058589999999999920e+00,1.026710000000000012e+00,9.982499999999999707e-01,9.721400000000000041e-01,9.487100000000000533e-01,9.313799999999999857e-01,9.184400000000000341e-01,9.093700000000000117e-01,9.047399999999999887e-01,9.021900000000000475e-01,9.040799999999999947e-01,9.127199999999999758e-01,9.242200000000000415e-01,9.393299999999999983e-01,9.582899999999999752e-01,9.817399999999999460e-01,1.008590000000000098e+00,1.039150000000000018e+00,1.073690000000000033e+00,1.111380000000000035e+00,1.152130000000000098e+00,1.198059999999999903e+00,1.244210000000000038e+00,1.295460000000000056e+00,1.349460000000000104e+00,1.402640000000000109e+00,1.457580000000000098e+00,1.489689999999999959e+00,1.529390000000000027e+00,1.577120000000000077e+00,1.632050000000000001e+00,1.687049999999999939e+00,1.751409999999999911e+00,1.821720000000000006e+00,1.900970000000000049e+00,1.917170000000000041e+00,1.940620000000000012e+00,1.971149999999999958e+00,2.008910000000000196e+00,2.053080000000000016e+00,2.103639999999999954e+00,2.162349999999999994e+00,2.224769999999999914e+00,2.293890000000000207e+00,2.369320000000000093e+00,2.382480000000000153e+00,2.396380000000000177e+00,2.393800000000000150e+00,2.397930000000000117e+00,2.375529999999999919e+00,2.356580000000000119e+00,2.343189999999999884e+00,2.333439999999999959e+00,2.325930000000000053e+00,2.319040000000000212e+00,2.318649999999999878e+00,2.321769999999999889e+00,2.327999999999999847e+00,2.336580000000000101e+00,2.349260000000000126e+00,2.364430000000000032e+00,2.371509999999999785e+00,2.380840000000000067e+00,2.371890000000000054e+00,2.365479999999999805e+00,2.351269999999999971e+00,2.338620000000000143e+00,2.321769999999999889e+00,2.306989999999999874e+00,2.291929999999999801e+00,2.278970000000000162e+00,2.271860000000000213e+00,2.264810000000000212e+00,2.257950000000000124e+00,2.250039999999999818e+00,2.236050000000000093e+00,2.223219999999999974e+00,2.212670000000000137e+00,2.204439999999999955e+00,2.195679999999999854e+00,2.189369999999999816e+00,2.180270000000000152e+00,2.174110000000000209e+00,2.165709999999999802e+00,2.158640000000000114e+00,2.132350000000000190e+00,2.105150000000000077e+00,2.072189999999999976e+00,2.041420000000000012e+00,2.012439999999999785e+00,1.985500000000000043e+00,1.957459999999999978e+00,1.931499999999999995e+00,1.909650000000000070e+00,1.891229999999999967e+00,1.875879999999999992e+00,1.862980000000000080e+00,1.855019999999999891e+00,1.850859999999999950e+00,1.848410000000000108e+00,1.849359999999999893e+00,1.856340000000000101e+00,1.866640000000000077e+00,1.878859999999999975e+00,1.894760000000000000e+00,1.914069999999999938e+00,1.936909999999999910e+00,1.962530000000000108e+00,1.996620000000000061e+00,2.031000000000000139e+00,2.068119999999999958e+00,2.107680000000000220e+00,2.149410000000000043e+00,2.193989999999999885e+00,2.240889999999999826e+00,2.291630000000000056e+00,2.344800000000000217e+00,2.399010000000000087e+00,2.454759999999999831e+00,2.513560000000000016e+00,2.574240000000000084e+00,2.635200000000000209e+00,2.697169999999999845e+00,2.760679999999999801e+00,2.826090000000000213e+00,2.892780000000000129e+00,2.960389999999999855e+00,3.030370000000000008e+00,3.101300000000000168e+00,3.171460000000000168e+00,3.243329999999999824e+00,3.315100000000000158e+00,3.386489999999999778e+00,3.456500000000000128e+00,3.527750000000000163e+00,3.603369999999999962e+00,3.679209999999999869e+00,3.751269999999999882e+00,3.824770000000000003e+00,3.898460000000000036e+00,3.973450000000000149e+00,4.049549999999999983e+00,4.126330000000000275e+00,4.205409999999999648e+00,4.284790000000000099e+00,4.366430000000000256e+00,4.449430000000000440e+00,4.667779999999999596e+00,5.662889999999999979e+00,8.572430000000000661e+00,1.244037999999999933e+01,2.105172999999999917e+01,1.627046999999999954e+01,1.160281999999999947e+01,7.054879999999999818e+00,3.332059999999999800e+00,1.728120000000000100e+00,1.600489999999999968e+00,1.635590000000000099e+00,1.675300000000000011e+00,1.695480000000000098e+00,1.721160000000000023e+00,1.715070000000000094e+00,1.858729999999999993e+00,1.902479999999999949e+00,1.945319999999999938e+00,1.983630000000000004e+00,2.022489999999999899e+00,2.052329999999999988e+00,2.086460000000000203e+00,2.123759999999999870e+00,2.165039999999999853e+00,2.209410000000000096e+00,2.255879999999999885e+00,2.301000000000000156e+00,2.347620000000000040e+00,2.382410000000000139e+00,2.421129999999999782e+00,2.446839999999999904e+00,2.479270000000000085e+00,2.498429999999999929e+00,2.520680000000000032e+00,2.521860000000000213e+00,2.524129999999999985e+00,2.529710000000000125e+00,2.536680000000000046e+00,2.543540000000000134e+00,2.552179999999999893e+00,2.560839999999999783e+00,2.572789999999999910e+00,2.586770000000000014e+00,2.605100000000000193e+00,2.605820000000000025e+00,2.603169999999999984e+00,2.588929999999999954e+00,2.575720000000000010e+00,2.557910000000000128e+00,2.542629999999999946e+00,2.520300000000000207e+00,2.500459999999999905e+00,2.474660000000000082e+00,2.453079999999999927e+00,2.427010000000000112e+00,2.406890000000000196e+00,2.372889999999999944e+00,2.342750000000000110e+00,2.307640000000000136e+00,2.277010000000000201e+00,2.241550000000000153e+00,2.211409999999999876e+00,2.180460000000000065e+00,2.152600000000000069e+00,2.121399999999999952e+00,2.092979999999999841e+00,2.060299999999999798e+00,2.029209999999999958e+00,2.001970000000000027e+00,1.979340000000000099e+00,1.943540000000000045e+00,1.917459999999999942e+00,1.893489999999999895e+00,1.905250000000000110e+00,1.923929999999999918e+00,1.948520000000000030e+00,1.958909999999999929e+00,1.973640000000000061e+00,1.992699999999999916e+00,2.016980000000000217e+00,2.048550000000000093e+00,2.085630000000000095e+00,2.090549999999999908e+00,2.114700000000000024e+00,2.203320000000000167e+00,2.286779999999999813e+00,2.350769999999999804e+00,2.418919999999999959e+00,2.477500000000000036e+00,2.583779999999999966e+00,2.671689999999999898e+00,2.760330000000000172e+00,3.349849999999999994e+00,5.704559999999999853e+00,9.788479999999999848e+00,1.427210000000000001e+01,1.640289999999999893e+01,1.165614000000000061e+01,7.110529999999999795e+00,3.739920000000000133e+00,1.779770000000000074e+00,9.854300000000000281e-01,1.185170000000000057e+00,1.160060000000000091e+00,1.140300000000000091e+00,1.127439999999999998e+00,1.119280000000000053e+00,1.116819999999999924e+00,1.118989999999999929e+00,1.127830000000000110e+00,1.142400000000000082e+00,1.161980000000000013e+00,1.186509999999999954e+00,1.216399999999999926e+00,1.250879999999999992e+00,1.264480000000000048e+00,1.281560000000000032e+00,1.277349999999999985e+00,1.278669999999999973e+00,1.286710000000000020e+00,1.299539999999999917e+00,1.318019999999999969e+00,1.341820000000000013e+00,1.373029999999999973e+00,1.410029999999999895e+00,1.448819999999999997e+00,1.492280000000000051e+00,1.512350000000000083e+00,1.535490000000000022e+00,1.561069999999999958e+00,1.588140000000000107e+00,1.621189999999999909e+00,1.655180000000000096e+00,1.692420000000000035e+00,1.731740000000000057e+00,1.769900000000000029e+00,1.809339999999999948e+00,1.847890000000000033e+00,1.888940000000000063e+00,1.923440000000000039e+00,1.960460000000000091e+00,1.986909999999999954e+00,2.016249999999999876e+00,2.049479999999999968e+00,2.085409999999999986e+00,2.113350000000000062e+00,2.144569999999999865e+00,2.172540000000000138e+00,2.204060000000000130e+00,2.197940000000000005e+00,2.195489999999999942e+00,2.199180000000000135e+00,2.206879999999999953e+00,2.215809999999999835e+00,2.229099999999999859e+00,2.227209999999999912e+00,2.227609999999999868e+00,2.229229999999999823e+00,2.233260000000000023e+00,2.240089999999999915e+00,2.250539999999999985e+00,2.264320000000000110e+00,2.279939999999999856e+00,2.301480000000000192e+00,2.326179999999999914e+00,2.343360000000000110e+00,2.363480000000000025e+00,2.355179999999999829e+00,2.348840000000000039e+00,2.344700000000000006e+00,2.342560000000000198e+00,2.337349999999999817e+00,2.333610000000000184e+00,2.333610000000000184e+00,2.332949999999999857e+00,2.337819999999999787e+00,2.342560000000000198e+00,2.341790000000000038e+00,2.341110000000000024e+00,2.330039999999999889e+00,2.322280000000000122e+00,2.275700000000000056e+00,2.236699999999999910e+00,2.195939999999999781e+00,2.149939999999999962e+00,2.114869999999999806e+00,2.080179999999999918e+00,2.028129999999999988e+00,1.994609999999999994e+00,1.965500000000000025e+00,1.943259999999999987e+00,1.908090000000000064e+00,1.873369999999999980e+00,1.833660000000000068e+00,1.797709999999999919e+00,1.743540000000000090e+00,1.743190000000000017e+00,1.719530000000000003e+00,1.701019999999999976e+00,1.682199999999999918e+00,1.675780000000000047e+00,1.677950000000000053e+00,1.699959999999999916e+00,1.723289999999999988e+00,1.749009999999999954e+00,1.763830000000000009e+00,1.784629999999999939e+00,1.813150000000000039e+00,1.846109999999999918e+00,1.886249999999999982e+00,1.931959999999999900e+00,1.982820000000000027e+00,2.038889999999999869e+00,2.098399999999999821e+00,2.160029999999999895e+00,2.236899999999999888e+00,2.310319999999999929e+00,2.364549999999999930e+00,2.508640000000000203e+00,3.858610000000000095e+00,7.242359999999999687e+00,1.198858000000000068e+01,1.692062999999999917e+01,1.410449000000000019e+01,9.730349999999999611e+00,5.852179999999999715e+00,2.754550000000000054e+00,1.697270000000000056e+00,1.711740000000000039e+00,1.731419999999999959e+00,1.757020000000000026e+00,1.786960000000000104e+00,1.821949999999999958e+00,1.860959999999999948e+00,1.895639999999999992e+00,1.939820000000000100e+00,1.887340000000000018e+00,1.897370000000000001e+00,1.870179999999999954e+00,1.857750000000000012e+00,1.706059999999999910e+00,1.899159999999999959e+00,1.985719999999999930e+00,2.072950000000000070e+00,2.146180000000000199e+00,2.223879999999999857e+00,2.286989999999999856e+00,2.356570000000000054e+00,2.370210000000000150e+00,2.409079999999999888e+00,2.418759999999999799e+00,2.432710000000000150e+00,2.410880000000000134e+00,2.391449999999999854e+00,2.376250000000000195e+00,2.362089999999999801e+00,2.351949999999999985e+00,2.341610000000000191e+00,2.338220000000000187e+00,2.337320000000000064e+00,2.328870000000000218e+00,2.323109999999999786e+00,2.311500000000000110e+00,2.302340000000000053e+00,2.283840000000000092e+00,2.266059999999999963e+00,2.238560000000000105e+00,2.214210000000000012e+00,2.177239999999999842e+00,2.144359999999999822e+00,2.116690000000000182e+00,2.092699999999999783e+00,2.073199999999999932e+00,2.057760000000000034e+00,2.041819999999999968e+00,2.027810000000000112e+00,2.011569999999999858e+00,1.999989999999999934e+00,1.980939999999999923e+00,1.967530000000000001e+00,1.910179999999999989e+00,1.860619999999999941e+00,1.784410000000000052e+00,1.735640000000000072e+00,1.672439999999999927e+00,1.764080000000000092e+00,1.753649999999999931e+00,1.752930000000000099e+00,1.746210000000000040e+00,1.746729999999999894e+00,1.754129999999999967e+00,1.768569999999999975e+00,1.790699999999999958e+00,1.819930000000000048e+00,1.855609999999999982e+00,1.897650000000000059e+00,1.904910000000000103e+00,2.804300000000000015e+00,6.519359999999999822e+00,1.080550000000000033e+01,1.564943000000000062e+01,2.054722999999999900e+01,1.720998000000000161e+01,1.402454000000000001e+01,1.148329000000000022e+01,1.013488000000000078e+01,9.710530000000000328e+00,9.613379999999999370e+00,9.515919999999999490e+00,9.419520000000000337e+00,9.323339999999999961e+00,9.227029999999999177e+00,9.130699999999999150e+00,9.034840000000000870e+00,8.938779999999999504e+00,8.841169999999999973e+00,8.743639999999999191e+00,8.650320000000000675e+00,8.557439999999999714e+00,8.462389999999999191e+00,8.367570000000000618e+00,8.273450000000000415e+00,8.179579999999999629e+00,8.085990000000000677e+00,7.992659999999999876e+00,7.899740000000000428e+00,7.807120000000000282e+00,7.714439999999999742e+00,7.622069999999999901e+00,7.529770000000000074e+00,7.437610000000000277e+00,7.345299999999999940e+00,7.253280000000000172e+00,7.161649999999999849e+00,7.066589999999999705e+00,6.976880000000000415e+00,6.887640000000000207e+00,6.796949999999999825e+00,6.706669999999999909e+00,6.617119999999999891e+00,6.528059999999999974e+00,6.439930000000000376e+00,6.352430000000000021e+00,6.262389999999999901e+00,6.172209999999999752e+00,6.080689999999999706e+00,5.988889999999999603e+00,5.897289999999999921e+00,5.805909999999999904e+00,5.715320000000000178e+00,5.624340000000000117e+00,5.533979999999999677e+00,5.443410000000000082e+00,5.353570000000000384e+00,5.263650000000000162e+00,5.172959999999999781e+00,5.082629999999999981e+00,4.992989999999999817e+00,4.903789999999999871e+00,4.814820000000000100e+00,4.726309999999999789e+00,4.637990000000000279e+00,4.550180000000000113e+00,4.463470000000000049e+00,4.376680000000000348e+00,4.291319999999999801e+00,4.206559999999999633e+00,4.122090000000000032e+00,4.038249999999999673e+00,3.955159999999999787e+00,3.872710000000000097e+00,3.790760000000000129e+00,3.709039999999999893e+00,3.629919999999999813e+00,3.550370000000000026e+00,3.472370000000000179e+00,3.395290000000000141e+00,3.319939999999999891e+00,3.244810000000000194e+00,3.154570000000000096e+00,3.100750000000000117e+00,3.035140000000000171e+00,2.969899999999999984e+00,2.906060000000000088e+00,2.842109999999999914e+00,2.780940000000000190e+00,2.719990000000000130e+00,2.653659999999999908e+00,2.588979999999999837e+00,2.538889999999999869e+00,2.489129999999999843e+00,2.438719999999999999e+00,2.390859999999999985e+00,2.340679999999999872e+00,2.291780000000000150e+00,2.244320000000000093e+00,2.198599999999999888e+00,2.155149999999999899e+00,2.113809999999999967e+00,2.072119999999999962e+00,2.032599999999999962e+00,1.999870000000000037e+00,1.969519999999999937e+00,1.941070000000000073e+00,1.914970000000000061e+00,1.890249999999999986e+00,1.867499999999999938e+00,1.845080000000000053e+00,1.825469999999999926e+00,1.807760000000000034e+00,1.792969999999999953e+00,1.780080000000000107e+00,1.770180000000000087e+00,1.762669999999999959e+00,1.758240000000000025e+00,1.754860000000000086e+00,1.754809999999999981e+00,1.758289999999999909e+00,1.751239999999999908e+00,1.736050000000000093e+00,1.724590000000000067e+00,1.714360000000000106e+00,1.711219999999999963e+00,1.710029999999999939e+00,1.711810000000000054e+00,1.719109999999999916e+00,1.729919999999999902e+00,1.744010000000000060e+00,1.761300000000000088e+00,1.777660000000000018e+00,1.796669999999999989e+00,1.817730000000000068e+00,1.841490000000000071e+00,1.867830000000000101e+00,1.897459999999999924e+00,1.925880000000000036e+00,1.956050000000000066e+00,1.968920000000000003e+00,1.985789999999999944e+00,2.004290000000000127e+00,2.026559999999999917e+00,2.031769999999999854e+00,2.040160000000000196e+00,2.052340000000000053e+00,2.067740000000000133e+00,2.085820000000000007e+00,2.107190000000000119e+00,2.127730000000000121e+00,2.151029999999999998e+00,2.150900000000000034e+00,2.155429999999999957e+00,2.153739999999999988e+00,2.158720000000000194e+00,2.171219999999999928e+00,2.190189999999999859e+00,2.180460000000000065e+00,2.173620000000000108e+00,2.163710000000000022e+00,2.158980000000000121e+00,2.141579999999999817e+00,2.127299999999999969e+00,2.089630000000000098e+00,2.061679999999999957e+00,2.026860000000000106e+00,1.995479999999999920e+00,1.915389999999999926e+00,1.925229999999999997e+00,1.909140000000000059e+00,1.899580000000000046e+00,1.853010000000000046e+00,1.809350000000000014e+00,1.749239999999999906e+00,1.688760000000000039e+00,1.626640000000000086e+00,1.566429999999999989e+00,1.511910000000000087e+00,1.458720000000000017e+00,1.407489999999999908e+00,1.357450000000000045e+00,1.313679999999999959e+00,1.270969999999999933e+00,1.233079999999999954e+00,1.196509999999999962e+00,1.157180000000000097e+00,1.121690000000000076e+00,1.090850000000000097e+00,1.064580000000000082e+00,1.032559999999999922e+00,1.004720000000000057e+00,9.758400000000000407e-01,9.498699999999999921e-01,9.195999999999999730e-01,8.928899999999999615e-01,8.704100000000000170e-01,8.519299999999999651e-01,8.379999999999999671e-01,8.268999999999999684e-01,8.159699999999999731e-01,8.093299999999999939e-01,7.934600000000000541e-01,7.767600000000000060e-01,7.625999999999999446e-01,7.535500000000000531e-01,7.458200000000000385e-01,7.423499999999999543e-01,7.448099999999999721e-01,7.512499999999999734e-01,7.615100000000000202e-01,7.755999999999999561e-01,7.949300000000000255e-01,8.169800000000000395e-01,8.333399999999999697e-01,8.774199999999999777e-01,9.210800000000000098e-01,9.678400000000000336e-01,1.007390000000000008e+00,1.057020000000000071e+00,2.372829999999999995e+00,5.669679999999999609e+00,1.013644999999999996e+01,1.454190000000000005e+01,1.179650999999999961e+01,7.080930000000000391e+00,3.136289999999999800e+00,1.445359999999999978e+00,6.378599999999999826e-01,6.492700000000000138e-01,6.609399999999999720e-01,6.948900000000000077e-01,7.310200000000000031e-01,7.670200000000000351e-01,8.054599999999999538e-01,8.509400000000000297e-01,8.995699999999999807e-01,9.511800000000000255e-01,1.006529999999999925e+00,1.064510000000000067e+00,1.125399999999999956e+00,1.190800000000000081e+00,1.257279999999999953e+00,1.318719999999999892e+00,1.382020000000000026e+00,1.411969999999999947e+00,1.453249999999999931e+00,1.540739999999999998e+00,1.629129999999999967e+00,1.687670000000000003e+00,1.755989999999999940e+00,1.814980000000000038e+00,1.890069999999999917e+00,1.906300000000000106e+00,1.988720000000000043e+00,2.065589999999999815e+00,2.144390000000000018e+00,2.205189999999999984e+00,2.269340000000000135e+00,2.277060000000000084e+00,2.283570000000000100e+00,2.277519999999999989e+00,2.275589999999999780e+00,2.274869999999999948e+00,2.277519999999999989e+00,2.285210000000000186e+00,2.296660000000000146e+00,2.312050000000000161e+00,2.331679999999999975e+00,2.355410000000000004e+00,2.381889999999999841e+00,2.407810000000000006e+00,2.436040000000000205e+00,2.450210000000000221e+00,2.465050000000000185e+00,2.451690000000000147e+00,2.440399999999999903e+00,2.420960000000000001e+00,2.404110000000000191e+00,2.380160000000000053e+00,2.358670000000000044e+00,2.319910000000000139e+00,2.283640000000000114e+00,2.242700000000000138e+00,2.204369999999999941e+00,2.169420000000000126e+00,2.137420000000000098e+00,2.108290000000000219e+00,2.081970000000000098e+00,2.048389999999999933e+00,2.017440000000000122e+00,1.984730000000000105e+00,1.958010000000000028e+00,1.937259999999999982e+00,1.920260000000000078e+00,1.865299999999999958e+00,1.935740000000000016e+00,1.907189999999999941e+00,1.889680000000000026e+00,1.871909999999999963e+00,1.864800000000000013e+00,1.867329999999999934e+00,1.879839999999999955e+00,1.904060000000000086e+00,1.938199999999999923e+00,1.980850000000000000e+00,2.032410000000000050e+00,2.429190000000000182e+00,4.718880000000000408e+00,8.672840000000000771e+00,1.282293999999999912e+01,2.193628000000000000e+01,1.734799999999999898e+01,1.276399999999999935e+01,8.207489999999999952e+00,4.344000000000000306e+00,2.708740000000000148e+00,2.245060000000000056e+00,2.189449999999999896e+00,2.136519999999999975e+00,2.090030000000000054e+00,2.048669999999999991e+00,2.012000000000000011e+00,1.980180000000000051e+00,1.953950000000000076e+00,1.933750000000000080e+00,1.228939999999999921e+00,1.472900000000000098e+00,1.494029999999999969e+00,1.520559999999999912e+00,1.553860000000000019e+00,1.592370000000000063e+00,1.519109999999999960e+00,1.646200000000000108e+00,1.721689999999999943e+00,1.798319999999999919e+00,1.867650000000000032e+00,1.938199999999999923e+00,2.007420000000000204e+00,2.080000000000000071e+00,2.117230000000000167e+00,2.152270000000000127e+00,2.159060000000000201e+00,2.163769999999999971e+00,2.145160000000000178e+00,2.130290000000000017e+00,2.120779999999999887e+00,2.114129999999999843e+00,2.111470000000000180e+00,2.113770000000000149e+00,2.119979999999999976e+00,2.129929999999999879e+00,2.145620000000000083e+00,2.166249999999999787e+00,2.192120000000000068e+00,2.222210000000000019e+00,2.251050000000000217e+00,2.284409999999999830e+00,2.321639999999999926e+00,2.363690000000000069e+00,2.402979999999999894e+00,2.444469999999999921e+00,2.447989999999999888e+00,2.451799999999999979e+00,2.434509999999999952e+00,2.405679999999999819e+00,2.342909999999999826e+00,2.291859999999999786e+00,2.227160000000000029e+00,2.204190000000000094e+00,2.159530000000000172e+00,2.118489999999999984e+00,2.029250000000000220e+00,1.941109999999999891e+00,1.860540000000000083e+00,1.781879999999999908e+00,1.699689999999999923e+00,1.618449999999999944e+00,1.537369999999999903e+00,1.456960000000000033e+00,1.380659999999999998e+00,1.305330000000000101e+00,1.229000000000000092e+00,1.501740000000000075e+00,2.024589999999999890e+00,3.460010000000000030e+00,6.426379999999999981e+00,1.038998999999999917e+01,1.151636000000000060e+01,7.912160000000000082e+00,4.961780000000000079e+00,3.524030000000000218e+00,3.477279999999999927e+00,3.400630000000000042e+00,3.325089999999999879e+00,3.245099999999999874e+00,3.167670000000000208e+00,3.099369999999999958e+00,3.032550000000000079e+00,2.963020000000000209e+00,2.894829999999999792e+00,2.828650000000000109e+00,2.764050000000000118e+00,2.700470000000000148e+00,2.638650000000000162e+00,2.578910000000000036e+00,2.521020000000000039e+00,2.465160000000000018e+00,2.411420000000000119e+00,2.359420000000000073e+00,2.309460000000000068e+00,2.252310000000000034e+00,2.197189999999999976e+00,2.143310000000000048e+00,2.091509999999999980e+00,2.042910000000000004e+00,1.996520000000000072e+00,1.953880000000000061e+00,1.913880000000000026e+00,1.876460000000000017e+00,1.838430000000000009e+00,1.809160000000000101e+00,1.780340000000000034e+00,1.754040000000000044e+00,1.730250000000000066e+00,1.711850000000000094e+00,1.696690000000000031e+00,1.683850000000000069e+00,1.673629999999999951e+00,1.668250000000000011e+00,1.665880000000000027e+00,1.667189999999999950e+00,1.670840000000000103e+00,1.674700000000000077e+00,1.681289999999999951e+00,1.683559999999999945e+00,1.688620000000000010e+00,1.695780000000000065e+00,1.703959999999999919e+00,1.711899999999999977e+00,1.720620000000000038e+00,1.719580000000000108e+00,1.722220000000000084e+00,1.722750000000000004e+00,1.726699999999999902e+00,1.720639999999999947e+00,1.719729999999999981e+00,1.746739999999999959e+00,1.776389999999999914e+00,1.792750000000000066e+00,1.813900000000000068e+00,1.821110000000000007e+00,1.860679999999999890e+00,1.869259999999999922e+00,1.877490000000000103e+00,1.875119999999999898e+00,1.873960000000000070e+00,1.880679999999999907e+00,1.891089999999999938e+00,1.905319999999999903e+00,1.923939999999999984e+00,1.943799999999999972e+00,1.966800000000000104e+00,1.980879999999999974e+00,1.997379999999999933e+00,2.018689999999999873e+00,2.043060000000000098e+00,2.065659999999999830e+00,2.091779999999999973e+00,2.125640000000000196e+00,2.163559999999999928e+00,2.202820000000000000e+00,2.246170000000000222e+00,2.288940000000000197e+00,2.388710000000000111e+00,2.413219999999999921e+00,2.444690000000000030e+00,2.413879999999999804e+00,2.390909999999999869e+00,2.365409999999999791e+00,2.344149999999999956e+00,2.322020000000000195e+00,2.304910000000000014e+00,2.279279999999999973e+00,2.255389999999999784e+00,2.207160000000000011e+00,2.161080000000000112e+00,2.118030000000000079e+00,2.077129999999999921e+00,2.037770000000000081e+00,2.000630000000000130e+00,1.945750000000000091e+00,1.953379999999999894e+00,1.938229999999999897e+00,1.925079999999999902e+00,1.921329999999999982e+00,1.921499999999999986e+00,1.926420000000000021e+00,1.934839999999999893e+00,1.948010000000000019e+00,1.965349999999999930e+00,1.983030000000000070e+00,2.004370000000000207e+00,2.014740000000000197e+00,2.031680000000000152e+00,2.054860000000000131e+00,2.084940000000000015e+00,2.116810000000000080e+00,2.157140000000000057e+00,2.532709999999999795e+00,4.216230000000000366e+00,6.167309999999999626e+00,8.488360000000000127e+00,1.253823000000000043e+01,1.684446000000000154e+01,1.638194000000000017e+01,1.111525999999999925e+01,6.056339999999999613e+00,2.787869999999999848e+00,1.803250000000000020e+00,1.385709999999999997e+00,1.291819999999999968e+00,1.284820000000000073e+00,1.281959999999999988e+00,1.136870000000000047e+00,1.295109999999999983e+00,1.321039999999999992e+00,1.349310000000000009e+00,1.382120000000000015e+00,1.416560000000000041e+00,1.451070000000000082e+00,1.487239999999999895e+00,1.526559999999999917e+00,1.567870000000000097e+00,1.595110000000000028e+00,1.626300000000000079e+00,1.663480000000000070e+00,1.711330000000000018e+00,1.741600000000000037e+00,1.775700000000000056e+00,1.793630000000000058e+00,1.827329999999999899e+00,1.822820000000000107e+00,1.822249999999999925e+00,1.828699999999999992e+00,1.834030000000000049e+00,1.846829999999999972e+00,1.857189999999999896e+00,1.859450000000000047e+00,1.866130000000000067e+00,1.873469999999999969e+00,1.885219999999999896e+00,1.898889999999999967e+00,1.916770000000000085e+00,1.940900000000000070e+00,1.969619999999999926e+00,1.956979999999999942e+00,1.963100000000000067e+00,1.941869999999999985e+00,2.040490000000000137e+00,2.127699999999999925e+00,2.214850000000000207e+00,2.228470000000000173e+00,2.243889999999999940e+00,2.243119999999999781e+00,2.247329999999999828e+00,2.255399999999999849e+00,2.267850000000000144e+00,2.286750000000000060e+00,2.308860000000000134e+00,2.336409999999999876e+00,2.368630000000000013e+00,2.404319999999999791e+00,2.444580000000000197e+00,2.487210000000000143e+00,2.534240000000000048e+00,2.589300000000000157e+00,2.645039999999999836e+00,2.705299999999999816e+00,2.776069999999999816e+00,2.844980000000000064e+00,2.915350000000000108e+00,2.987880000000000091e+00,3.062040000000000095e+00,3.123880000000000212e+00,3.187940000000000218e+00,3.255009999999999959e+00,3.325380000000000003e+00,3.398639999999999883e+00,3.475159999999999805e+00,3.550300000000000011e+00,3.629630000000000134e+00,3.691159999999999997e+00,3.754890000000000061e+00,3.820930000000000160e+00,3.889110000000000067e+00,3.962250000000000050e+00,4.037810000000000343e+00,4.114169999999999661e+00,4.193019999999999747e+00,4.272389999999999688e+00,4.646690000000000431e+00,6.386040000000000383e+00,9.314289999999999736e+00,1.303763000000000005e+01,1.709918000000000049e+01,1.243887999999999927e+01,8.238459999999999894e+00,4.421210000000000306e+00,2.122219999999999995e+00,1.281959999999999988e+00,1.005870000000000042e+00,1.205889999999999906e+00,8.279300000000000548e-01,7.897999999999999465e-01,5.359599999999999920e-01,5.430500000000000327e-01,4.957699999999999885e-01,4.675599999999999756e-01,5.387999999999999456e-01,6.151299999999999546e-01,6.549199999999999466e-01,7.021800000000000264e-01,7.431799999999999518e-01,7.890700000000000491e-01,7.978699999999999681e-01,8.092700000000000449e-01,8.186099999999999488e-01,8.311600000000000099e-01,6.986099999999999532e-01,8.314300000000000024e-01,8.709999999999999964e-01,9.140899999999999581e-01,9.592800000000000216e-01,1.008049999999999891e+00,1.060920000000000085e+00,1.115569999999999951e+00,1.175000000000000044e+00,1.236820000000000030e+00,1.299749999999999961e+00,1.365240000000000009e+00,1.432299999999999907e+00,1.500680000000000014e+00,1.573139999999999983e+00,1.646200000000000108e+00,1.720750000000000002e+00,1.796459999999999946e+00,1.870339999999999892e+00,1.945829999999999949e+00,2.018549999999999844e+00,2.093430000000000124e+00,2.161810000000000009e+00,2.217299999999999827e+00,2.251129999999999853e+00,2.287939999999999863e+00,2.327650000000000219e+00,2.369969999999999910e+00,2.414099999999999913e+00,2.460189999999999877e+00,2.498419999999999863e+00,2.536000000000000032e+00,2.497660000000000213e+00,2.467750000000000110e+00,2.436789999999999790e+00,2.414190000000000058e+00,2.401110000000000078e+00,2.381359999999999921e+00,2.330630000000000202e+00,2.283020000000000049e+00,2.236790000000000056e+00,2.194189999999999863e+00,2.107730000000000103e+00,2.482000000000000206e+00,2.574469999999999814e+00,2.692250000000000032e+00,2.758760000000000101e+00,2.826459999999999972e+00,2.894909999999999872e+00,2.964269999999999960e+00,3.448479999999999990e+00,5.944079999999999586e+00,1.132783000000000051e+01,1.725544999999999973e+01,1.158018000000000036e+01,7.322580000000000311e+00,3.602279999999999927e+00,2.396500000000000075e+00,2.292279999999999873e+00,2.308030000000000026e+00,2.326589999999999936e+00,2.337089999999999890e+00,2.349969999999999892e+00,2.338020000000000209e+00,2.325759999999999827e+00,2.313750000000000195e+00,2.302770000000000206e+00,2.295690000000000008e+00,2.290599999999999969e+00,2.289179999999999993e+00,2.289740000000000109e+00,2.294970000000000176e+00,2.303599999999999870e+00,1.788040000000000074e+00,1.744080000000000075e+00,1.765209999999999946e+00,1.801809999999999912e+00,1.853509999999999991e+00,1.913419999999999899e+00,1.901950000000000029e+00,1.890840000000000076e+00,1.885380000000000056e+00,1.883669999999999956e+00,1.884039999999999937e+00,1.888050000000000006e+00,1.891580000000000039e+00,1.898590000000000000e+00,1.913200000000000012e+00,1.931540000000000035e+00,1.950169999999999959e+00,1.970560000000000089e+00,1.997190000000000021e+00,2.025729999999999809e+00,2.055050000000000043e+00,2.087579999999999991e+00,2.123619999999999841e+00,2.161230000000000206e+00,2.187159999999999993e+00,2.211300000000000043e+00,2.215359999999999996e+00,2.221169999999999867e+00,2.191899999999999959e+00,2.167699999999999960e+00,2.137000000000000011e+00,2.110660000000000203e+00,2.089360000000000106e+00,2.072060000000000013e+00,2.060519999999999907e+00,2.052519999999999900e+00,2.034310000000000063e+00,2.021150000000000002e+00,1.999489999999999990e+00,1.982339999999999991e+00,1.971859999999999946e+00,1.967300000000000049e+00,1.969379999999999908e+00,1.976869999999999905e+00,1.963440000000000074e+00,2.021889999999999965e+00,2.046590000000000131e+00,2.077459999999999862e+00,2.088950000000000085e+00,2.105510000000000215e+00,2.114749999999999908e+00,2.129529999999999923e+00,2.143949999999999800e+00,2.163959999999999884e+00,2.540690000000000115e+00,4.664200000000000124e+00,9.260899999999999466e+00,1.436172999999999966e+01,1.690839000000000070e+01,1.295459999999999923e+01,9.575459999999999638e+00,7.250560000000000116e+00,5.730909999999999727e+00,5.080650000000000333e+00,5.045139999999999958e+00,4.900809999999999889e+00,4.860809999999999853e+00,4.770400000000000418e+00,4.676459999999999617e+00,4.601040000000000241e+00,4.526539999999999786e+00,4.444189999999999863e+00,4.362459999999999560e+00,4.281930000000000014e+00,4.200890000000000235e+00,4.122230000000000061e+00,4.044310000000000294e+00,3.966359999999999886e+00,3.888869999999999827e+00,3.813260000000000094e+00,3.738100000000000200e+00,3.664239999999999942e+00,3.590069999999999872e+00,3.517720000000000180e+00,3.446019999999999861e+00,3.376959999999999962e+00,3.307920000000000194e+00,3.240679999999999783e+00,3.174599999999999866e+00,3.109100000000000197e+00,3.044849999999999834e+00,2.982359999999999900e+00,2.921320000000000139e+00,2.862659999999999982e+00,2.805530000000000079e+00,2.749019999999999797e+00,2.694179999999999797e+00,2.642149999999999999e+00,2.591940000000000133e+00,2.543309999999999960e+00,2.495260000000000034e+00,2.451210000000000111e+00,2.408189999999999831e+00,2.367509999999999781e+00,2.329019999999999868e+00,2.292889999999999873e+00,2.258700000000000152e+00,2.227780000000000094e+00,2.198970000000000091e+00,2.167479999999999851e+00,2.133610000000000007e+00,2.098539999999999850e+00,2.065729999999999844e+00,2.034839999999999982e+00,2.005189999999999806e+00,1.977279999999999927e+00,1.951400000000000023e+00,1.926800000000000068e+00,1.904840000000000089e+00,1.885610000000000008e+00,1.869110000000000049e+00,1.855509999999999993e+00,1.843890000000000029e+00,1.835110000000000019e+00,1.828940000000000010e+00,1.828659999999999952e+00,1.830799999999999983e+00,1.833420000000000050e+00,1.838859999999999939e+00,1.844880000000000075e+00,1.853580000000000005e+00,1.843429999999999902e+00,1.836279999999999912e+00,1.826789999999999914e+00,1.820060000000000011e+00,1.816920000000000091e+00,1.816540000000000044e+00,1.819139999999999979e+00,1.824510000000000076e+00,1.831429999999999891e+00,1.840189999999999992e+00,1.847150000000000070e+00,1.857629999999999892e+00,1.873420000000000085e+00,1.898949999999999916e+00,1.924360000000000070e+00,1.952860000000000040e+00,1.969969999999999999e+00,1.989840000000000053e+00,1.985500000000000043e+00,1.985300000000000065e+00,1.989440000000000097e+00,1.995670000000000055e+00,1.997700000000000031e+00,1.998299999999999965e+00,2.001930000000000209e+00,2.008420000000000094e+00,2.017599999999999838e+00,2.030040000000000067e+00,2.046139999999999848e+00,2.064979999999999816e+00,2.079930000000000057e+00,2.097080000000000055e+00,2.106749999999999901e+00,2.118170000000000108e+00,2.119349999999999845e+00,2.123120000000000118e+00,2.128589999999999982e+00,2.137080000000000091e+00,2.149880000000000013e+00,2.164680000000000160e+00,2.160629999999999828e+00,2.150090000000000057e+00,2.127780000000000005e+00,2.110020000000000007e+00,2.098409999999999886e+00,2.089490000000000069e+00,2.086390000000000189e+00,2.087289999999999868e+00,2.093589999999999840e+00,2.103899999999999881e+00,2.118850000000000122e+00,2.138650000000000162e+00,2.163209999999999855e+00,2.192769999999999886e+00,2.224950000000000205e+00,2.263119999999999798e+00,2.247100000000000097e+00,2.234119999999999884e+00,2.214220000000000077e+00,2.199129999999999807e+00,2.158430000000000071e+00,2.119819999999999816e+00,2.082530000000000214e+00,2.052179999999999893e+00,2.027210000000000178e+00,2.009650000000000158e+00,1.998399999999999954e+00,1.993179999999999952e+00,1.995819999999999927e+00,2.002990000000000048e+00,1.998359999999999914e+00,1.999719999999999942e+00,1.850240000000000107e+00,2.496970000000000134e+00,2.597949999999999982e+00,3.297969999999999846e+00,6.659839999999999982e+00,1.145889000000000024e+01,1.624286999999999992e+01,2.116750000000000043e+01,1.414212000000000025e+01,9.580909999999999371e+00,5.526040000000000063e+00,2.190010000000000012e+00,9.115100000000000424e-01,7.335399999999999698e-01,7.624600000000000266e-01,7.212899999999999867e-01,6.909999999999999476e-01,6.541900000000000492e-01,6.252400000000000180e-01,6.042699999999999738e-01,5.892800000000000260e-01,5.832600000000000007e-01,5.837900000000000311e-01,5.911899999999999933e-01,6.061499999999999666e-01,6.345100000000000184e-01,6.673900000000000388e-01,6.872899999999999565e-01,7.088799999999999546e-01,7.166700000000000292e-01,7.304300000000000237e-01,7.508799999999999919e-01,7.776600000000000179e-01,8.099699999999999678e-01,8.476000000000000201e-01,8.882299999999999640e-01,9.290100000000000025e-01,9.625099999999999767e-01,9.970099999999999518e-01,1.037860000000000005e+00,1.081830000000000069e+00,1.127620000000000067e+00,1.176360000000000072e+00,1.228879999999999972e+00,1.284089999999999954e+00,1.341050000000000075e+00,1.400519999999999987e+00,1.462699999999999889e+00,1.527169999999999916e+00,1.593820000000000014e+00,1.660460000000000047e+00,1.731889999999999930e+00,1.804589999999999916e+00,1.877350000000000074e+00,1.951219999999999954e+00,2.030899999999999928e+00,2.108229999999999826e+00,2.188039999999999985e+00,2.269169999999999909e+00,2.318659999999999943e+00,2.367529999999999912e+00,2.386210000000000164e+00,2.411350000000000104e+00,2.431049999999999933e+00,2.457720000000000127e+00,2.468240000000000212e+00,2.485899999999999999e+00,2.427369999999999806e+00,2.369949999999999779e+00,2.314459999999999962e+00,2.260600000000000165e+00,2.208429999999999893e+00,2.158069999999999933e+00,2.107860000000000067e+00,2.055460000000000065e+00,2.001660000000000217e+00,1.949000000000000066e+00,1.900670000000000082e+00,1.854889999999999928e+00,1.811719999999999997e+00,1.771300000000000097e+00,1.733079999999999954e+00,1.697869999999999990e+00,1.669189999999999952e+00,1.640470000000000095e+00,1.600980000000000070e+00,1.563800000000000079e+00,1.529309999999999947e+00,1.496820000000000039e+00,1.449689999999999923e+00,1.404660000000000020e+00,1.354060000000000041e+00,1.306410000000000071e+00,1.262930000000000108e+00,1.220069999999999988e+00,1.183349999999999902e+00,1.147540000000000004e+00,1.118120000000000003e+00,1.089970000000000105e+00,1.068100000000000049e+00,1.048399999999999999e+00,1.033509999999999929e+00,1.020440000000000014e+00,1.013789999999999969e+00,1.011339999999999906e+00,9.826799999999999979e-01,9.575099999999999723e-01,9.330399999999999805e-01,9.103299999999999725e-01,8.667300000000000004e-01,8.269699999999999829e-01,7.906999999999999584e-01,7.584699999999999775e-01,7.253500000000000503e-01,6.968499999999999694e-01,6.697499999999999565e-01,6.473200000000000065e-01,6.125099999999999989e-01,5.823800000000000088e-01,5.527199999999999891e-01,5.280599999999999739e-01,5.076300000000000257e-01,4.932099999999999818e-01,4.759200000000000097e-01,4.629400000000000182e-01,4.419100000000000250e-01,4.260399999999999743e-01,4.190300000000000136e-01,4.175099999999999922e-01,4.239299999999999735e-01,4.351599999999999913e-01,4.559699999999999864e-01,4.828100000000000169e-01,5.136300000000000310e-01,5.500000000000000444e-01,5.821300000000000363e-01,6.190600000000000547e-01,6.599800000000000111e-01,7.050600000000000200e-01,7.538099999999999801e-01,8.049300000000000344e-01,8.414300000000000113e-01,8.809500000000000108e-01,8.993200000000000083e-01,9.252299999999999969e-01,9.532300000000000217e-01,9.897799999999999931e-01,1.026880000000000015e+00,1.076200000000000045e+00,2.546180000000000110e+00,6.136689999999999756e+00,9.818830000000000169e+00,1.340792000000000073e+01,1.939575999999999922e+01,1.447752999999999979e+01,9.731749999999999901e+00,6.320700000000000429e+00,3.444339999999999957e+00,1.954949999999999966e+00,1.888279999999999959e+00,1.869539999999999980e+00,1.853960000000000052e+00,1.826480000000000103e+00,1.801360000000000072e+00,1.782119999999999926e+00,1.767589999999999995e+00,1.754189999999999916e+00,1.745700000000000029e+00,1.745980000000000087e+00,1.750140000000000029e+00,1.758320000000000105e+00,1.769800000000000040e+00,1.784799999999999942e+00,1.804400000000000004e+00,1.813949999999999951e+00,1.831250000000000044e+00,1.849359999999999893e+00,1.874090000000000034e+00,1.861269999999999980e+00,1.851809999999999956e+00,1.842019999999999991e+00,1.851849999999999996e+00,1.865899999999999892e+00,1.885580000000000034e+00,1.906349999999999989e+00,1.930530000000000079e+00,1.952860000000000040e+00,1.978650000000000020e+00,2.006440000000000001e+00,2.037479999999999958e+00,2.069929999999999826e+00,2.102160000000000029e+00,2.131619999999999848e+00,2.163479999999999848e+00,2.200279999999999792e+00,2.240349999999999842e+00,2.280460000000000154e+00,2.323010000000000019e+00,2.362579999999999902e+00,2.403709999999999791e+00,2.425749999999999851e+00,2.452859999999999818e+00,2.476129999999999942e+00,2.494699999999999918e+00,2.468039999999999790e+00,2.458309999999999995e+00,2.471200000000000063e+00,2.501160000000000050e+00,2.531779999999999919e+00,2.569389999999999841e+00,2.550219999999999931e+00,2.532820000000000071e+00,2.517419999999999991e+00,2.504399999999999959e+00,2.495579999999999909e+00,2.489199999999999857e+00,2.483490000000000197e+00,2.480239999999999778e+00,2.480770000000000142e+00,2.483610000000000095e+00,2.487670000000000048e+00,2.493869999999999809e+00,2.501059999999999839e+00,2.508890000000000065e+00,2.519109999999999960e+00,2.529269999999999907e+00,2.544290000000000163e+00,2.561389999999999834e+00,2.579289999999999861e+00,2.599320000000000075e+00,2.621890000000000054e+00,2.646510000000000140e+00,2.673319999999999919e+00,2.701389999999999958e+00,2.732470000000000176e+00,2.765190000000000037e+00,2.793250000000000011e+00,2.820160000000000000e+00,2.846830000000000194e+00,2.876129999999999853e+00,2.905209999999999848e+00,2.935639999999999805e+00,2.954309999999999992e+00,2.974569999999999936e+00,2.995490000000000208e+00,3.018539999999999779e+00,3.044470000000000010e+00,3.071629999999999860e+00,3.102149999999999963e+00,3.135029999999999983e+00,3.167839999999999989e+00,3.202939999999999898e+00,3.233319999999999972e+00,3.265639999999999876e+00,3.299549999999999983e+00,3.335710000000000175e+00,3.376570000000000071e+00,3.416929999999999801e+00,3.462040000000000006e+00,3.508859999999999868e+00,3.556740000000000013e+00,3.606749999999999901e+00,3.660010000000000208e+00,3.714729999999999865e+00,3.771799999999999820e+00,3.830579999999999874e+00,3.888999999999999790e+00,3.949180000000000135e+00,4.013770000000000060e+00,4.079930000000000057e+00,4.147380000000000067e+00,4.216239999999999988e+00,4.286010000000000097e+00,4.356169999999999654e+00,4.425889999999999880e+00,4.496179999999999843e+00,4.568080000000000140e+00,4.641329999999999956e+00,4.715970000000000439e+00,4.791570000000000107e+00,4.868619999999999948e+00,4.946589999999999598e+00,5.012660000000000338e+00,5.079579999999999984e+00,5.148030000000000328e+00,5.217500000000000249e+00,5.289430000000000298e+00,5.362619999999999720e+00,5.436989999999999768e+00,5.512809999999999988e+00,5.590189999999999770e+00,5.668940000000000090e+00,5.747869999999999813e+00,5.827020000000000088e+00,5.912119999999999820e+00,5.997270000000000323e+00,6.058279999999999887e+00,6.247659999999999769e+00,6.528509999999999813e+00,7.051759999999999806e+00,8.994450000000000500e+00,1.178091000000000044e+01,1.547090999999999994e+01,1.939469000000000065e+01,2.084193000000000140e+01,1.544954000000000072e+01,1.027604999999999968e+01,5.912020000000000053e+00,2.415750000000000064e+00,1.610719999999999930e+00,1.537919999999999954e+00,1.447100000000000053e+00,1.356859999999999955e+00,1.268939999999999957e+00,1.181720000000000104e+00,1.095690000000000053e+00,1.010639999999999983e+00,9.259600000000000053e-01,8.424599999999999866e-01,6.955500000000000016e-01,7.386200000000000543e-01,6.982699999999999463e-01,6.665299999999999558e-01,6.161999999999999700e-01,5.737900000000000222e-01,5.385299999999999532e-01,5.123499999999999721e-01,4.963400000000000034e-01,4.901300000000000101e-01,4.929799999999999738e-01,5.051799999999999624e-01,5.256800000000000361e-01,5.557900000000000063e-01,5.684000000000000163e-01,5.855000000000000204e-01,6.082600000000000229e-01,6.343299999999999494e-01,6.660700000000000509e-01,7.028600000000000403e-01,7.441400000000000237e-01,7.900899999999999590e-01,8.402500000000000524e-01,8.934499999999999664e-01,9.517400000000000304e-01,1.012489999999999890e+00,1.070370000000000044e+00,1.131639999999999979e+00,1.196039999999999992e+00,1.263400000000000079e+00,1.333259999999999890e+00,1.405759999999999899e+00,1.480920000000000014e+00,1.558280000000000109e+00,1.637040000000000051e+00,1.717519999999999936e+00,1.768459999999999921e+00,1.822990000000000110e+00,1.883590000000000098e+00,1.952830000000000066e+00,2.013679999999999914e+00,2.077119999999999855e+00,2.127979999999999983e+00,2.180829999999999824e+00,2.221589999999999954e+00,2.266189999999999927e+00,2.317470000000000141e+00,2.401279999999999859e+00,2.432620000000000005e+00,2.499950000000000117e+00,2.506270000000000220e+00,2.512430000000000163e+00,2.433609999999999829e+00,2.400319999999999787e+00,2.318039999999999878e+00,2.302420000000000133e+00,2.262680000000000025e+00,2.223800000000000221e+00,2.181729999999999947e+00,2.139520000000000088e+00,2.083829999999999849e+00,2.032189999999999941e+00,1.985239999999999894e+00,1.941459999999999964e+00,1.895890000000000075e+00,1.850819999999999910e+00,1.794510000000000050e+00,1.739579999999999904e+00,1.686919999999999975e+00,1.637529999999999930e+00,1.592090000000000005e+00,1.548419999999999908e+00,1.509260000000000046e+00,1.473100000000000076e+00,1.437140000000000084e+00,1.404150000000000009e+00,1.365380000000000038e+00,1.328770000000000007e+00,1.296929999999999916e+00,1.268250000000000099e+00,1.243160000000000043e+00,1.220509999999999984e+00,1.191910000000000025e+00,1.166379999999999972e+00,1.145019999999999927e+00,1.125490000000000101e+00,1.110219999999999985e+00,1.098279999999999923e+00,1.082209999999999894e+00,1.069329999999999892e+00,1.060270000000000046e+00,1.054130000000000011e+00,1.038689999999999891e+00,1.025679999999999925e+00,1.011800000000000033e+00,1.001130000000000075e+00,9.785300000000000109e-01,9.597099999999999520e-01,9.340000000000000524e-01,9.007500000000000506e-01,8.482600000000000140e-01,7.990899999999999670e-01,7.532699999999999951e-01,7.099699999999999900e-01,6.710000000000000409e-01,6.360200000000000298e-01,6.044699999999999518e-01,5.772000000000000464e-01,5.557999999999999607e-01,5.389399999999999746e-01,5.255499999999999616e-01,5.160400000000000542e-01,5.131200000000000205e-01,5.149799999999999933e-01,4.564699999999999869e-01,4.047499999999999987e-01,3.534700000000000064e-01,3.080300000000000260e-01,2.730000000000000204e-01,2.454999999999999960e-01,2.266900000000000026e-01,2.167199999999999960e-01,2.170900000000000052e-01,2.263000000000000012e-01,2.213900000000000035e-01,2.232099999999999917e-01,2.271299999999999986e-01,2.388299999999999867e-01,2.829099999999999948e-01,2.838229999999999809e+00,5.338669999999999582e+00,8.307140000000000413e+00,1.277477999999999980e+01,1.714461999999999975e+01,2.185426000000000002e+01,1.660908999999999835e+01,1.154546999999999990e+01,7.589120000000000310e+00,4.651270000000000238e+00,3.885209999999999830e+00,3.504649999999999821e+00,2.513440000000000119e+00,1.969910000000000050e+00,1.999610000000000110e+00,2.030959999999999877e+00,2.061620000000000008e+00,2.096799999999999997e+00,2.139749999999999819e+00,2.184940000000000104e+00,2.231219999999999981e+00,2.278300000000000214e+00,2.331449999999999800e+00,2.385699999999999932e+00,2.443099999999999827e+00,2.502749999999999808e+00,2.530180000000000096e+00,2.562190000000000190e+00,2.595959999999999823e+00,2.635320000000000107e+00,2.590710000000000068e+00,2.558749999999999858e+00,2.528150000000000119e+00,2.507000000000000117e+00,2.472430000000000128e+00,2.441349999999999909e+00,2.411459999999999937e+00,2.384640000000000093e+00,2.360829999999999984e+00,2.339679999999999982e+00,2.319380000000000219e+00,2.302840000000000220e+00,2.069269999999999943e+00,2.057980000000000143e+00,2.012589999999999879e+00,1.969680000000000097e+00,1.920860000000000012e+00,1.891899999999999915e+00,1.930449999999999999e+00,2.144730000000000025e+00,2.127530000000000143e+00,2.111229999999999940e+00,2.083419999999999828e+00,2.058949999999999836e+00,2.021850000000000147e+00,1.986339999999999995e+00,1.937480000000000091e+00,1.891189999999999927e+00,1.849020000000000108e+00,1.809530000000000083e+00,1.769430000000000058e+00,1.730879999999999974e+00,1.693799999999999972e+00,1.660409999999999942e+00,1.632050000000000001e+00,1.607380000000000031e+00,1.580570000000000030e+00,1.567020000000000080e+00,1.553800000000000070e+00,1.544699999999999962e+00,1.538489999999999913e+00,1.536419999999999897e+00,1.538240000000000052e+00,1.544149999999999912e+00,1.552450000000000108e+00,1.564650000000000096e+00,1.579609999999999959e+00,1.597669999999999924e+00,1.620689999999999964e+00,1.646730000000000027e+00,1.676590000000000025e+00,1.710139999999999993e+00,1.746050000000000102e+00,1.785179999999999989e+00,1.826109999999999900e+00,1.870020000000000016e+00,1.913410000000000055e+00,1.958650000000000002e+00,1.992229999999999945e+00,2.028680000000000039e+00,2.064599999999999991e+00,2.103359999999999896e+00,2.144680000000000142e+00,2.186280000000000001e+00,2.220369999999999955e+00,2.257829999999999782e+00,2.299650000000000194e+00,2.342859999999999943e+00,2.390320000000000000e+00,2.439740000000000020e+00,2.482730000000000103e+00,2.529510000000000147e+00,2.578899999999999970e+00,2.631609999999999783e+00,2.689080000000000137e+00,2.749270000000000103e+00,2.812739999999999796e+00,2.879210000000000047e+00,2.949440000000000062e+00,3.022180000000000089e+00,3.097300000000000164e+00,3.173960000000000115e+00,3.255399999999999849e+00,3.336930000000000174e+00,3.421710000000000029e+00,3.508620000000000072e+00,4.105050000000000310e+00,5.573330000000000339e+00,8.777279999999999305e+00,1.273215000000000074e+01,1.727186000000000021e+01,2.198281000000000063e+01,1.651878999999999920e+01,1.205424999999999969e+01,7.833400000000000141e+00,5.149930000000000341e+00,4.178740000000000343e+00,4.062500000000000000e+00,3.949580000000000091e+00,3.901909999999999989e+00,3.852660000000000196e+00,3.776240000000000041e+00,3.702119999999999855e+00,3.631780000000000008e+00,3.564080000000000137e+00,3.497959999999999958e+00,3.433790000000000120e+00,3.373660000000000103e+00,3.315529999999999866e+00,3.243660000000000210e+00,3.173220000000000152e+00,3.100229999999999819e+00,3.028640000000000221e+00,2.380370000000000097e+00,2.309140000000000192e+00,2.270109999999999850e+00,2.235790000000000166e+00,2.204839999999999911e+00,2.178859999999999797e+00,2.158389999999999809e+00,2.143009999999999859e+00,1.923459999999999948e+00,2.020659999999999901e+00,2.043829999999999814e+00,2.067439999999999944e+00,2.092560000000000198e+00,2.119829999999999881e+00,2.148590000000000000e+00,2.179399999999999782e+00,2.213729999999999976e+00,2.250239999999999796e+00,2.272889999999999855e+00,2.296419999999999906e+00,2.318459999999999965e+00,2.346140000000000114e+00,2.380869999999999820e+00,2.420370000000000132e+00,2.459249999999999936e+00,2.501100000000000101e+00,2.482270000000000199e+00,2.465460000000000207e+00,2.448420000000000041e+00,2.433499999999999996e+00,2.421110000000000095e+00,2.411230000000000206e+00,2.401380000000000070e+00,2.394070000000000142e+00,2.365320000000000089e+00,2.339890000000000025e+00,2.312209999999999877e+00,2.285089999999999844e+00,2.251770000000000049e+00,2.219349999999999934e+00,2.190609999999999946e+00,2.162830000000000030e+00,2.138900000000000023e+00,2.115749999999999797e+00,2.097309999999999786e+00,2.081379999999999786e+00,2.067200000000000149e+00,2.055610000000000159e+00,2.049770000000000092e+00,2.046330000000000204e+00,2.039359999999999840e+00,2.035350000000000215e+00,2.019849999999999923e+00,2.005310000000000148e+00,1.995360000000000023e+00,1.988329999999999931e+00,1.972760000000000069e+00,1.957929999999999948e+00,1.934900000000000064e+00,1.914220000000000033e+00,1.895929999999999893e+00,1.881380000000000052e+00,1.871329999999999938e+00,1.863839999999999941e+00,1.860319999999999974e+00,1.860170000000000101e+00,1.864130000000000065e+00,1.871159999999999934e+00,1.882160000000000055e+00,1.895399999999999974e+00,1.913059999999999983e+00,1.933959999999999901e+00,1.958869999999999889e+00,1.987030000000000074e+00,2.015229999999999855e+00,2.046320000000000139e+00,2.066069999999999851e+00,2.088579999999999881e+00,2.108319999999999972e+00,2.129399999999999959e+00,2.152880000000000127e+00,2.178160000000000096e+00,2.206280000000000019e+00,2.236670000000000158e+00,2.261559999999999793e+00,2.286160000000000192e+00,2.310690000000000133e+00,2.337590000000000057e+00,2.367630000000000123e+00,2.399939999999999962e+00,2.434289999999999843e+00,2.470800000000000107e+00,2.508879999999999999e+00,2.549020000000000064e+00,2.590850000000000097e+00,2.634609999999999896e+00,2.680930000000000035e+00,2.726659999999999862e+00,2.778200000000000003e+00,2.828399999999999803e+00,2.881730000000000125e+00,2.934109999999999996e+00,2.991130000000000067e+00,3.047130000000000116e+00,3.101770000000000138e+00,3.156810000000000116e+00,3.209610000000000074e+00,3.263700000000000045e+00,3.318529999999999980e+00,3.375070000000000014e+00,3.433730000000000171e+00,3.492230000000000167e+00,3.553640000000000132e+00,3.615419999999999856e+00,3.678459999999999841e+00,3.742659999999999876e+00,3.809820000000000206e+00,3.876119999999999788e+00,3.944780000000000175e+00,4.014129999999999754e+00,4.084600000000000009e+00,4.156010000000000204e+00,4.228170000000000428e+00,4.301149999999999807e+00,4.374780000000000335e+00,4.449270000000000280e+00,4.524689999999999657e+00,4.600889999999999702e+00,4.678160000000000096e+00,4.756140000000000256e+00,4.834649999999999892e+00,4.913809999999999789e+00,4.993669999999999831e+00,5.074150000000000382e+00,5.155610000000000248e+00,5.237269999999999648e+00,5.319250000000000256e+00,5.401629999999999932e+00,5.414329999999999643e+00,5.651570000000000427e+00,5.794819999999999638e+00,5.993599999999999817e+00,6.439849999999999852e+00,7.359200000000000408e+00,1.001164999999999949e+01,1.349381999999999948e+01
